4 5
1 1
1.000000 
3 3
0.000000 0.000000 0.000000 0.000000 0.500000 -0.000000 0.000000 0.500000 -0.000000 
7 7
0.000000 0.000000 0.000000 0.000000 0.000000 0.000000 0.000000 0.000000 0.000000 0.000000 0.000000 0.000000 0.000000 0.000000 0.000000 0.000000 0.000000 0.000000 0.000000 0.000000 0.000000 0.000000 0.000000 0.000000 0.175000 0.100000 0.025000 -0.050000 0.000000 0.000000 0.000000 0.175000 0.100000 0.025000 -0.050000 0.000000 0.000000 0.000000 0.175000 0.100000 0.025000 -0.050000 0.000000 0.000000 0.000000 0.175000 0.100000 0.025000 -0.050000 
15 15
0.000000 0.000000 0.000000 0.000000 0.000000 0.000000 0.000000 0.000000 0.000000 0.000000 0.000000 0.000000 0.000000 0.000000 0.000000 0.000000 0.000000 0.000000 0.000000 0.000000 0.000000 0.000000 0.000000 0.000000 0.000000 0.000000 0.000000 0.000000 0.000000 0.000000 0.000000 0.000000 0.000000 0.000000 0.000000 0.000000 0.000000 0.000000 0.000000 0.000000 0.000000 0.000000 0.000000 0.000000 0.000000 0.000000 0.000000 0.000000 0.000000 0.000000 0.000000 0.000000 0.000000 0.000000 0.000000 0.000000 0.000000 0.000000 0.000000 0.000000 0.000000 0.000000 0.000000 0.000000 0.000000 0.000000 0.000000 0.000000 0.000000 0.000000 0.000000 0.000000 0.000000 0.000000 0.000000 0.000000 0.000000 0.000000 0.000000 0.000000 0.000000 0.000000 0.000000 0.000000 0.000000 0.000000 0.000000 0.000000 0.000000 0.000000 0.000000 0.000000 0.000000 0.000000 0.000000 0.000000 0.000000 0.000000 0.000000 0.000000 0.000000 0.000000 0.000000 0.000000 0.000000 0.000000 0.000000 0.000000 0.000000 0.000000 0.000000 0.000000 0.052083 0.041667 0.031250 0.020833 0.010417 -0.000000 -0.010417 -0.020833 0.000000 0.000000 0.000000 0.000000 0.000000 0.000000 0.000000 0.052083 0.041667 0.031250 0.020833 0.010417 -0.000000 -0.010417 -0.020833 0.000000 0.000000 0.000000 0.000000 0.000000 0.000000 0.000000 0.052083 0.041667 0.031250 0.020833 0.010417 -0.000000 -0.010417 -0.020833 0.000000 0.000000 0.000000 0.000000 0.000000 0.000000 0.000000 0.052083 0.041667 0.031250 0.020833 0.010417 -0.000000 -0.010417 -0.020833 0.000000 0.000000 0.000000 0.000000 0.000000 0.000000 0.000000 0.052083 0.041667 0.031250 0.020833 0.010417 -0.000000 -0.010417 -0.020833 0.000000 0.000000 0.000000 0.000000 0.000000 0.000000 0.000000 0.052083 0.041667 0.031250 0.020833 0.010417 -0.000000 -0.010417 -0.020833 0.000000 0.000000 0.000000 0.000000 0.000000 0.000000 0.000000 0.052083 0.041667 0.031250 0.020833 0.010417 -0.000000 -0.010417 -0.020833 0.000000 0.000000 0.000000 0.000000 0.000000 0.000000 0.000000 0.052083 0.041667 0.031250 0.020833 0.010417 -0.000000 -0.010417 -0.020833 
31 31
0.000000 0.000000 0.000000 0.000000 0.000000 0.000000 0.000000 0.000000 0.000000 0.000000 0.000000 0.000000 0.000000 0.000000 0.000000 0.000000 0.000000 0.000000 0.000000 0.000000 0.000000 0.000000 0.000000 0.000000 0.000000 0.000000 0.000000 0.000000 0.000000 0.000000 0.000000 0.000000 0.000000 0.000000 0.000000 0.000000 0.000000 0.000000 0.000000 0.000000 0.000000 0.000000 0.000000 0.000000 0.000000 0.000000 0.000000 0.000000 0.000000 0.000000 0.000000 0.000000 0.000000 0.000000 0.000000 0.000000 0.000000 0.000000 0.000000 0.000000 0.000000 0.000000 0.000000 0.000000 0.000000 0.000000 0.000000 0.000000 0.000000 0.000000 0.000000 0.000000 0.000000 0.000000 0.000000 0.000000 0.000000 0.000000 0.000000 0.000000 0.000000 0.000000 0.000000 0.000000 0.000000 0.000000 0.000000 0.000000 0.000000 0.000000 0.000000 0.000000 0.000000 0.000000 0.000000 0.000000 0.000000 0.000000 0.000000 0.000000 0.000000 0.000000 0.000000 0.000000 0.000000 0.000000 0.000000 0.000000 0.000000 0.000000 0.000000 0.000000 0.000000 0.000000 0.000000 0.000000 0.000000 0.000000 0.000000 0.000000 0.000000 0.000000 0.000000 0.000000 0.000000 0.000000 0.000000 0.000000 0.000000 0.000000 0.000000 0.000000 0.000000 0.000000 0.000000 0.000000 0.000000 0.000000 0.000000 0.000000 0.000000 0.000000 0.000000 0.000000 0.000000 0.000000 0.000000 0.000000 0.000000 0.000000 0.000000 0.000000 0.000000 0.000000 0.000000 0.000000 0.000000 0.000000 0.000000 0.000000 0.000000 0.000000 0.000000 0.000000 0.000000 0.000000 0.000000 0.000000 0.000000 0.000000 0.000000 0.000000 0.000000 0.000000 0.000000 0.000000 0.000000 0.000000 0.000000 0.000000 0.000000 0.000000 0.000000 0.000000 0.000000 0.000000 0.000000 0.000000 0.000000 0.000000 0.000000 0.000000 0.000000 0.000000 0.000000 0.000000 0.000000 0.000000 0.000000 0.000000 0.000000 0.000000 0.000000 0.000000 0.000000 0.000000 0.000000 0.000000 0.000000 0.000000 0.000000 0.000000 0.000000 0.000000 0.000000 0.000000 0.000000 0.000000 0.000000 0.000000 0.000000 0.000000 0.000000 0.000000 0.000000 0.000000 0.000000 0.000000 0.000000 0.000000 0.000000 0.000000 0.000000 0.000000 0.000000 0.000000 0.000000 0.000000 0.000000 0.000000 0.000000 0.000000 0.000000 0.000000 0.000000 0.000000 0.000000 0.000000 0.000000 0.000000 0.000000 0.000000 0.000000 0.000000 0.000000 0.000000 0.000000 0.000000 0.000000 0.000000 0.000000 0.000000 0.000000 0.000000 0.000000 0.000000 0.000000 0.000000 0.000000 0.000000 0.000000 0.000000 0.000000 0.000000 0.000000 0.000000 0.000000 0.000000 0.000000 0.000000 0.000000 0.000000 0.000000 0.000000 0.000000 0.000000 0.000000 0.000000 0.000000 0.000000 0.000000 0.000000 0.000000 0.000000 0.000000 0.000000 0.000000 0.000000 0.000000 0.000000 0.000000 0.000000 0.000000 0.000000 0.000000 0.000000 0.000000 0.000000 0.000000 0.000000 0.000000 0.000000 0.000000 0.000000 0.000000 0.000000 0.000000 0.000000 0.000000 0.000000 0.000000 0.000000 0.000000 0.000000 0.000000 0.000000 0.000000 0.000000 0.000000 0.000000 0.000000 0.000000 0.000000 0.000000 0.000000 0.000000 0.000000 0.000000 0.000000 0.000000 0.000000 0.000000 0.000000 0.000000 0.000000 0.000000 0.000000 0.000000 0.000000 0.000000 0.000000 0.000000 0.000000 0.000000 0.000000 0.000000 0.000000 0.000000 0.000000 0.000000 0.000000 0.000000 0.000000 0.000000 0.000000 0.000000 0.000000 0.000000 0.000000 0.000000 0.000000 0.000000 0.000000 0.000000 0.000000 0.000000 0.000000 0.000000 0.000000 0.000000 0.000000 0.000000 0.000000 0.000000 0.000000 0.000000 0.000000 0.000000 0.000000 0.000000 0.000000 0.000000 0.000000 0.000000 0.000000 0.000000 0.000000 0.000000 0.000000 0.000000 0.000000 0.000000 0.000000 0.000000 0.000000 0.000000 0.000000 0.000000 0.000000 0.000000 0.000000 0.000000 0.000000 0.000000 0.000000 0.000000 0.000000 0.000000 0.000000 0.000000 0.000000 0.000000 0.000000 0.000000 0.000000 0.000000 0.000000 0.000000 0.000000 0.000000 0.000000 0.000000 0.000000 0.000000 0.000000 0.000000 0.000000 0.000000 0.000000 0.000000 0.000000 0.000000 0.000000 0.000000 0.000000 0.000000 0.000000 0.000000 0.000000 0.000000 0.000000 0.000000 0.000000 0.000000 0.000000 0.000000 0.000000 0.000000 0.000000 0.000000 0.000000 0.000000 0.000000 0.000000 0.000000 0.000000 0.000000 0.000000 0.000000 0.000000 0.000000 0.000000 0.000000 0.000000 0.000000 0.000000 0.000000 0.000000 0.000000 0.000000 0.014246 0.012868 0.011489 0.010110 0.008732 0.007353 0.005974 0.004596 0.003217 0.001838 0.000460 -0.000919 -0.002298 -0.003676 -0.005055 -0.006434 0.000000 0.000000 0.000000 0.000000 0.000000 0.000000 0.000000 0.000000 0.000000 0.000000 0.000000 0.000000 0.000000 0.000000 0.000000 0.014246 0.012868 0.011489 0.010110 0.008732 0.007353 0.005974 0.004596 0.003217 0.001838 0.000460 -0.000919 -0.002298 -0.003676 -0.005055 -0.006434 0.000000 0.000000 0.000000 0.000000 0.000000 0.000000 0.000000 0.000000 0.000000 0.000000 0.000000 0.000000 0.000000 0.000000 0.000000 0.014246 0.012868 0.011489 0.010110 0.008732 0.007353 0.005974 0.004596 0.003217 0.001838 0.000460 -0.000919 -0.002298 -0.003676 -0.005055 -0.006434 0.000000 0.000000 0.000000 0.000000 0.000000 0.000000 0.000000 0.000000 0.000000 0.000000 0.000000 0.000000 0.000000 0.000000 0.000000 0.014246 0.012868 0.011489 0.010110 0.008732 0.007353 0.005974 0.004596 0.003217 0.001838 0.000460 -0.000919 -0.002298 -0.003676 -0.005055 -0.006434 0.000000 0.000000 0.000000 0.000000 0.000000 0.000000 0.000000 0.000000 0.000000 0.000000 0.000000 0.000000 0.000000 0.000000 0.000000 0.014246 0.012868 0.011489 0.010110 0.008732 0.007353 0.005974 0.004596 0.003217 0.001838 0.000460 -0.000919 -0.002298 -0.003676 -0.005055 -0.006434 0.000000 0.000000 0.000000 0.000000 0.000000 0.000000 0.000000 0.000000 0.000000 0.000000 0.000000 0.000000 0.000000 0.000000 0.000000 0.014246 0.012868 0.011489 0.010110 0.008732 0.007353 0.005974 0.004596 0.003217 0.001838 0.000460 -0.000919 -0.002298 -0.003676 -0.005055 -0.006434 0.000000 0.000000 0.000000 0.000000 0.000000 0.000000 0.000000 0.000000 0.000000 0.000000 0.000000 0.000000 0.000000 0.000000 0.000000 0.014246 0.012868 0.011489 0.010110 0.008732 0.007353 0.005974 0.004596 0.003217 0.001838 0.000460 -0.000919 -0.002298 -0.003676 -0.005055 -0.006434 0.000000 0.000000 0.000000 0.000000 0.000000 0.000000 0.000000 0.000000 0.000000 0.000000 0.000000 0.000000 0.000000 0.000000 0.000000 0.014246 0.012868 0.011489 0.010110 0.008732 0.007353 0.005974 0.004596 0.003217 0.001838 0.000460 -0.000919 -0.002298 -0.003676 -0.005055 -0.006434 0.000000 0.000000 0.000000 0.000000 0.000000 0.000000 0.000000 0.000000 0.000000 0.000000 0.000000 0.000000 0.000000 0.000000 0.000000 0.014246 0.012868 0.011489 0.010110 0.008732 0.007353 0.005974 0.004596 0.003217 0.001838 0.000460 -0.000919 -0.002298 -0.003676 -0.005055 -0.006434 0.000000 0.000000 0.000000 0.000000 0.000000 0.000000 0.000000 0.000000 0.000000 0.000000 0.000000 0.000000 0.000000 0.000000 0.000000 0.014246 0.012868 0.011489 0.010110 0.008732 0.007353 0.005974 0.004596 0.003217 0.001838 0.000460 -0.000919 -0.002298 -0.003676 -0.005055 -0.006434 0.000000 0.000000 0.000000 0.000000 0.000000 0.000000 0.000000 0.000000 0.000000 0.000000 0.000000 0.000000 0.000000 0.000000 0.000000 0.014246 0.012868 0.011489 0.010110 0.008732 0.007353 0.005974 0.004596 0.003217 0.001838 0.000460 -0.000919 -0.002298 -0.003676 -0.005055 -0.006434 0.000000 0.000000 0.000000 0.000000 0.000000 0.000000 0.000000 0.000000 0.000000 0.000000 0.000000 0.000000 0.000000 0.000000 0.000000 0.014246 0.012868 0.011489 0.010110 0.008732 0.007353 0.005974 0.004596 0.003217 0.001838 0.000460 -0.000919 -0.002298 -0.003676 -0.005055 -0.006434 0.000000 0.000000 0.000000 0.000000 0.000000 0.000000 0.000000 0.000000 0.000000 0.000000 0.000000 0.000000 0.000000 0.000000 0.000000 0.014246 0.012868 0.011489 0.010110 0.008732 0.007353 0.005974 0.004596 0.003217 0.001838 0.000460 -0.000919 -0.002298 -0.003676 -0.005055 -0.006434 0.000000 0.000000 0.000000 0.000000 0.000000 0.000000 0.000000 0.000000 0.000000 0.000000 0.000000 0.000000 0.000000 0.000000 0.000000 0.014246 0.012868 0.011489 0.010110 0.008732 0.007353 0.005974 0.004596 0.003217 0.001838 0.000460 -0.000919 -0.002298 -0.003676 -0.005055 -0.006434 0.000000 0.000000 0.000000 0.000000 0.000000 0.000000 0.000000 0.000000 0.000000 0.000000 0.000000 0.000000 0.000000 0.000000 0.000000 0.014246 0.012868 0.011489 0.010110 0.008732 0.007353 0.005974 0.004596 0.003217 0.001838 0.000460 -0.000919 -0.002298 -0.003676 -0.005055 -0.006434 0.000000 0.000000 0.000000 0.000000 0.000000 0.000000 0.000000 0.000000 0.000000 0.000000 0.000000 0.000000 0.000000 0.000000 0.000000 0.014246 0.012868 0.011489 0.010110 0.008732 0.007353 0.005974 0.004596 0.003217 0.001838 0.000460 -0.000919 -0.002298 -0.003676 -0.005055 -0.006434 
1 1
1.000000 
3 3
0.000000 -0.000000 -0.000000 0.000000 0.500000 0.500000 0.000000 0.000000 0.000000 
7 7
0.000000 0.000000 0.000000 -0.050000 -0.050000 -0.050000 -0.050000 0.000000 0.000000 0.000000 0.025000 0.025000 0.025000 0.025000 0.000000 0.000000 0.000000 0.100000 0.100000 0.100000 0.100000 0.000000 0.000000 0.000000 0.175000 0.175000 0.175000 0.175000 0.000000 0.000000 0.000000 0.000000 0.000000 0.000000 0.000000 0.000000 0.000000 0.000000 0.000000 0.000000 0.000000 0.000000 0.000000 0.000000 0.000000 0.000000 0.000000 0.000000 0.000000 
15 15
0.000000 0.000000 0.000000 0.000000 0.000000 0.000000 0.000000 -0.020833 -0.020833 -0.020833 -0.020833 -0.020833 -0.020833 -0.020833 -0.020833 0.000000 0.000000 0.000000 0.000000 0.000000 0.000000 0.000000 -0.010417 -0.010417 -0.010417 -0.010417 -0.010417 -0.010417 -0.010417 -0.010417 0.000000 0.000000 0.000000 0.000000 0.000000 0.000000 0.000000 -0.000000 -0.000000 -0.000000 -0.000000 -0.000000 -0.000000 -0.000000 -0.000000 0.000000 0.000000 0.000000 0.000000 0.000000 0.000000 0.000000 0.010417 0.010417 0.010417 0.010417 0.010417 0.010417 0.010417 0.010417 0.000000 0.000000 0.000000 0.000000 0.000000 0.000000 0.000000 0.020833 0.020833 0.020833 0.020833 0.020833 0.020833 0.020833 0.020833 0.000000 0.000000 0.000000 0.000000 0.000000 0.000000 0.000000 0.031250 0.031250 0.031250 0.031250 0.031250 0.031250 0.031250 0.031250 0.000000 0.000000 0.000000 0.000000 0.000000 0.000000 0.000000 0.041667 0.041667 0.041667 0.041667 0.041667 0.041667 0.041667 0.041667 0.000000 0.000000 0.000000 0.000000 0.000000 0.000000 0.000000 0.052083 0.052083 0.052083 0.052083 0.052083 0.052083 0.052083 0.052083 0.000000 0.000000 0.000000 0.000000 0.000000 0.000000 0.000000 0.000000 0.000000 0.000000 0.000000 0.000000 0.000000 0.000000 0.000000 0.000000 0.000000 0.000000 0.000000 0.000000 0.000000 0.000000 0.000000 0.000000 0.000000 0.000000 0.000000 0.000000 0.000000 0.000000 0.000000 0.000000 0.000000 0.000000 0.000000 0.000000 0.000000 0.000000 0.000000 0.000000 0.000000 0.000000 0.000000 0.000000 0.000000 0.000000 0.000000 0.000000 0.000000 0.000000 0.000000 0.000000 0.000000 0.000000 0.000000 0.000000 0.000000 0.000000 0.000000 0.000000 0.000000 0.000000 0.000000 0.000000 0.000000 0.000000 0.000000 0.000000 0.000000 0.000000 0.000000 0.000000 0.000000 0.000000 0.000000 0.000000 0.000000 0.000000 0.000000 0.000000 0.000000 0.000000 0.000000 0.000000 0.000000 0.000000 0.000000 0.000000 0.000000 0.000000 0.000000 0.000000 0.000000 0.000000 0.000000 0.000000 0.000000 0.000000 0.000000 0.000000 0.000000 0.000000 0.000000 0.000000 0.000000 
31 31
0.000000 0.000000 0.000000 0.000000 0.000000 0.000000 0.000000 0.000000 0.000000 0.000000 0.000000 0.000000 0.000000 0.000000 0.000000 -0.006434 -0.006434 -0.006434 -0.006434 -0.006434 -0.006434 -0.006434 -0.006434 -0.006434 -0.006434 -0.006434 -0.006434 -0.006434 -0.006434 -0.006434 -0.006434 0.000000 0.000000 0.000000 0.000000 0.000000 0.000000 0.000000 0.000000 0.000000 0.000000 0.000000 0.000000 0.000000 0.000000 0.000000 -0.005055 -0.005055 -0.005055 -0.005055 -0.005055 -0.005055 -0.005055 -0.005055 -0.005055 -0.005055 -0.005055 -0.005055 -0.005055 -0.005055 -0.005055 -0.005055 0.000000 0.000000 0.000000 0.000000 0.000000 0.000000 0.000000 0.000000 0.000000 0.000000 0.000000 0.000000 0.000000 0.000000 0.000000 -0.003676 -0.003676 -0.003676 -0.003676 -0.003676 -0.003676 -0.003676 -0.003676 -0.003676 -0.003676 -0.003676 -0.003676 -0.003676 -0.003676 -0.003676 -0.003676 0.000000 0.000000 0.000000 0.000000 0.000000 0.000000 0.000000 0.000000 0.000000 0.000000 0.000000 0.000000 0.000000 0.000000 0.000000 -0.002298 -0.002298 -0.002298 -0.002298 -0.002298 -0.002298 -0.002298 -0.002298 -0.002298 -0.002298 -0.002298 -0.002298 -0.002298 -0.002298 -0.002298 -0.002298 0.000000 0.000000 0.000000 0.000000 0.000000 0.000000 0.000000 0.000000 0.000000 0.000000 0.000000 0.000000 0.000000 0.000000 0.000000 -0.000919 -0.000919 -0.000919 -0.000919 -0.000919 -0.000919 -0.000919 -0.000919 -0.000919 -0.000919 -0.000919 -0.000919 -0.000919 -0.000919 -0.000919 -0.000919 0.000000 0.000000 0.000000 0.000000 0.000000 0.000000 0.000000 0.000000 0.000000 0.000000 0.000000 0.000000 0.000000 0.000000 0.000000 0.000460 0.000460 0.000460 0.000460 0.000460 0.000460 0.000460 0.000460 0.000460 0.000460 0.000460 0.000460 0.000460 0.000460 0.000460 0.000460 0.000000 0.000000 0.000000 0.000000 0.000000 0.000000 0.000000 0.000000 0.000000 0.000000 0.000000 0.000000 0.000000 0.000000 0.000000 0.001838 0.001838 0.001838 0.001838 0.001838 0.001838 0.001838 0.001838 0.001838 0.001838 0.001838 0.001838 0.001838 0.001838 0.001838 0.001838 0.000000 0.000000 0.000000 0.000000 0.000000 0.000000 0.000000 0.000000 0.000000 0.000000 0.000000 0.000000 0.000000 0.000000 0.000000 0.003217 0.003217 0.003217 0.003217 0.003217 0.003217 0.003217 0.003217 0.003217 0.003217 0.003217 0.003217 0.003217 0.003217 0.003217 0.003217 0.000000 0.000000 0.000000 0.000000 0.000000 0.000000 0.000000 0.000000 0.000000 0.000000 0.000000 0.000000 0.000000 0.000000 0.000000 0.004596 0.004596 0.004596 0.004596 0.004596 0.004596 0.004596 0.004596 0.004596 0.004596 0.004596 0.004596 0.004596 0.004596 0.004596 0.004596 0.000000 0.000000 0.000000 0.000000 0.000000 0.000000 0.000000 0.000000 0.000000 0.000000 0.000000 0.000000 0.000000 0.000000 0.000000 0.005974 0.005974 0.005974 0.005974 0.005974 0.005974 0.005974 0.005974 0.005974 0.005974 0.005974 0.005974 0.005974 0.005974 0.005974 0.005974 0.000000 0.000000 0.000000 0.000000 0.000000 0.000000 0.000000 0.000000 0.000000 0.000000 0.000000 0.000000 0.000000 0.000000 0.000000 0.007353 0.007353 0.007353 0.007353 0.007353 0.007353 0.007353 0.007353 0.007353 0.007353 0.007353 0.007353 0.007353 0.007353 0.007353 0.007353 0.000000 0.000000 0.000000 0.000000 0.000000 0.000000 0.000000 0.000000 0.000000 0.000000 0.000000 0.000000 0.000000 0.000000 0.000000 0.008732 0.008732 0.008732 0.008732 0.008732 0.008732 0.008732 0.008732 0.008732 0.008732 0.008732 0.008732 0.008732 0.008732 0.008732 0.008732 0.000000 0.000000 0.000000 0.000000 0.000000 0.000000 0.000000 0.000000 0.000000 0.000000 0.000000 0.000000 0.000000 0.000000 0.000000 0.010110 0.010110 0.010110 0.010110 0.010110 0.010110 0.010110 0.010110 0.010110 0.010110 0.010110 0.010110 0.010110 0.010110 0.010110 0.010110 0.000000 0.000000 0.000000 0.000000 0.000000 0.000000 0.000000 0.000000 0.000000 0.000000 0.000000 0.000000 0.000000 0.000000 0.000000 0.011489 0.011489 0.011489 0.011489 0.011489 0.011489 0.011489 0.011489 0.011489 0.011489 0.011489 0.011489 0.011489 0.011489 0.011489 0.011489 0.000000 0.000000 0.000000 0.000000 0.000000 0.000000 0.000000 0.000000 0.000000 0.000000 0.000000 0.000000 0.000000 0.000000 0.000000 0.012868 0.012868 0.012868 0.012868 0.012868 0.012868 0.012868 0.012868 0.012868 0.012868 0.012868 0.012868 0.012868 0.012868 0.012868 0.012868 0.000000 0.000000 0.000000 0.000000 0.000000 0.000000 0.000000 0.000000 0.000000 0.000000 0.000000 0.000000 0.000000 0.000000 0.000000 0.014246 0.014246 0.014246 0.014246 0.014246 0.014246 0.014246 0.014246 0.014246 0.014246 0.014246 0.014246 0.014246 0.014246 0.014246 0.014246 0.000000 0.000000 0.000000 0.000000 0.000000 0.000000 0.000000 0.000000 0.000000 0.000000 0.000000 0.000000 0.000000 0.000000 0.000000 0.000000 0.000000 0.000000 0.000000 0.000000 0.000000 0.000000 0.000000 0.000000 0.000000 0.000000 0.000000 0.000000 0.000000 0.000000 0.000000 0.000000 0.000000 0.000000 0.000000 0.000000 0.000000 0.000000 0.000000 0.000000 0.000000 0.000000 0.000000 0.000000 0.000000 0.000000 0.000000 0.000000 0.000000 0.000000 0.000000 0.000000 0.000000 0.000000 0.000000 0.000000 0.000000 0.000000 0.000000 0.000000 0.000000 0.000000 0.000000 0.000000 0.000000 0.000000 0.000000 0.000000 0.000000 0.000000 0.000000 0.000000 0.000000 0.000000 0.000000 0.000000 0.000000 0.000000 0.000000 0.000000 0.000000 0.000000 0.000000 0.000000 0.000000 0.000000 0.000000 0.000000 0.000000 0.000000 0.000000 0.000000 0.000000 0.000000 0.000000 0.000000 0.000000 0.000000 0.000000 0.000000 0.000000 0.000000 0.000000 0.000000 0.000000 0.000000 0.000000 0.000000 0.000000 0.000000 0.000000 0.000000 0.000000 0.000000 0.000000 0.000000 0.000000 0.000000 0.000000 0.000000 0.000000 0.000000 0.000000 0.000000 0.000000 0.000000 0.000000 0.000000 0.000000 0.000000 0.000000 0.000000 0.000000 0.000000 0.000000 0.000000 0.000000 0.000000 0.000000 0.000000 0.000000 0.000000 0.000000 0.000000 0.000000 0.000000 0.000000 0.000000 0.000000 0.000000 0.000000 0.000000 0.000000 0.000000 0.000000 0.000000 0.000000 0.000000 0.000000 0.000000 0.000000 0.000000 0.000000 0.000000 0.000000 0.000000 0.000000 0.000000 0.000000 0.000000 0.000000 0.000000 0.000000 0.000000 0.000000 0.000000 0.000000 0.000000 0.000000 0.000000 0.000000 0.000000 0.000000 0.000000 0.000000 0.000000 0.000000 0.000000 0.000000 0.000000 0.000000 0.000000 0.000000 0.000000 0.000000 0.000000 0.000000 0.000000 0.000000 0.000000 0.000000 0.000000 0.000000 0.000000 0.000000 0.000000 0.000000 0.000000 0.000000 0.000000 0.000000 0.000000 0.000000 0.000000 0.000000 0.000000 0.000000 0.000000 0.000000 0.000000 0.000000 0.000000 0.000000 0.000000 0.000000 0.000000 0.000000 0.000000 0.000000 0.000000 0.000000 0.000000 0.000000 0.000000 0.000000 0.000000 0.000000 0.000000 0.000000 0.000000 0.000000 0.000000 0.000000 0.000000 0.000000 0.000000 0.000000 0.000000 0.000000 0.000000 0.000000 0.000000 0.000000 0.000000 0.000000 0.000000 0.000000 0.000000 0.000000 0.000000 0.000000 0.000000 0.000000 0.000000 0.000000 0.000000 0.000000 0.000000 0.000000 0.000000 0.000000 0.000000 0.000000 0.000000 0.000000 0.000000 0.000000 0.000000 0.000000 0.000000 0.000000 0.000000 0.000000 0.000000 0.000000 0.000000 0.000000 0.000000 0.000000 0.000000 0.000000 0.000000 0.000000 0.000000 0.000000 0.000000 0.000000 0.000000 0.000000 0.000000 0.000000 0.000000 0.000000 0.000000 0.000000 0.000000 0.000000 0.000000 0.000000 0.000000 0.000000 0.000000 0.000000 0.000000 0.000000 0.000000 0.000000 0.000000 0.000000 0.000000 0.000000 0.000000 0.000000 0.000000 0.000000 0.000000 0.000000 0.000000 0.000000 0.000000 0.000000 0.000000 0.000000 0.000000 0.000000 0.000000 0.000000 0.000000 0.000000 0.000000 0.000000 0.000000 0.000000 0.000000 0.000000 0.000000 0.000000 0.000000 0.000000 0.000000 0.000000 0.000000 0.000000 0.000000 0.000000 0.000000 0.000000 0.000000 0.000000 0.000000 0.000000 0.000000 0.000000 0.000000 0.000000 0.000000 0.000000 0.000000 0.000000 0.000000 0.000000 0.000000 0.000000 0.000000 0.000000 0.000000 0.000000 0.000000 0.000000 0.000000 0.000000 0.000000 0.000000 0.000000 0.000000 0.000000 0.000000 0.000000 0.000000 0.000000 0.000000 0.000000 0.000000 0.000000 0.000000 0.000000 0.000000 0.000000 0.000000 0.000000 0.000000 0.000000 0.000000 0.000000 0.000000 0.000000 0.000000 0.000000 0.000000 0.000000 0.000000 0.000000 0.000000 0.000000 0.000000 0.000000 0.000000 0.000000 0.000000 0.000000 0.000000 0.000000 0.000000 0.000000 0.000000 0.000000 0.000000 0.000000 0.000000 0.000000 0.000000 0.000000 0.000000 0.000000 0.000000 0.000000 0.000000 0.000000 0.000000 0.000000 0.000000 0.000000 0.000000 0.000000 0.000000 0.000000 0.000000 0.000000 0.000000 0.000000 0.000000 0.000000 0.000000 0.000000 0.000000 0.000000 0.000000 0.000000 0.000000 0.000000 0.000000 0.000000 0.000000 0.000000 0.000000 
1 1
1.000000 
3 3
0.000000 0.500000 0.000000 0.000000 0.500000 0.000000 0.000000 0.000000 0.000000 
7 7
-0.050000 0.025000 0.100000 0.175000 0.000000 0.000000 0.000000 -0.050000 0.025000 0.100000 0.175000 0.000000 0.000000 0.000000 -0.050000 0.025000 0.100000 0.175000 0.000000 0.000000 0.000000 -0.050000 0.025000 0.100000 0.175000 0.000000 0.000000 0.000000 0.000000 0.000000 0.000000 0.000000 0.000000 0.000000 0.000000 0.000000 0.000000 0.000000 0.000000 0.000000 0.000000 0.000000 0.000000 0.000000 0.000000 0.000000 0.000000 0.000000 0.000000 
15 15
-0.020833 -0.010417 0.000000 0.010417 0.020833 0.031250 0.041667 0.052083 0.000000 0.000000 0.000000 0.000000 0.000000 0.000000 0.000000 -0.020833 -0.010417 0.000000 0.010417 0.020833 0.031250 0.041667 0.052083 0.000000 0.000000 0.000000 0.000000 0.000000 0.000000 0.000000 -0.020833 -0.010417 0.000000 0.010417 0.020833 0.031250 0.041667 0.052083 0.000000 0.000000 0.000000 0.000000 0.000000 0.000000 0.000000 -0.020833 -0.010417 0.000000 0.010417 0.020833 0.031250 0.041667 0.052083 0.000000 0.000000 0.000000 0.000000 0.000000 0.000000 0.000000 -0.020833 -0.010417 0.000000 0.010417 0.020833 0.031250 0.041667 0.052083 0.000000 0.000000 0.000000 0.000000 0.000000 0.000000 0.000000 -0.020833 -0.010417 0.000000 0.010417 0.020833 0.031250 0.041667 0.052083 0.000000 0.000000 0.000000 0.000000 0.000000 0.000000 0.000000 -0.020833 -0.010417 0.000000 0.010417 0.020833 0.031250 0.041667 0.052083 0.000000 0.000000 0.000000 0.000000 0.000000 0.000000 0.000000 -0.020833 -0.010417 0.000000 0.010417 0.020833 0.031250 0.041667 0.052083 0.000000 0.000000 0.000000 0.000000 0.000000 0.000000 0.000000 0.000000 0.000000 0.000000 0.000000 0.000000 0.000000 0.000000 0.000000 0.000000 0.000000 0.000000 0.000000 0.000000 0.000000 0.000000 0.000000 0.000000 0.000000 0.000000 0.000000 0.000000 0.000000 0.000000 0.000000 0.000000 0.000000 0.000000 0.000000 0.000000 0.000000 0.000000 0.000000 0.000000 0.000000 0.000000 0.000000 0.000000 0.000000 0.000000 0.000000 0.000000 0.000000 0.000000 0.000000 0.000000 0.000000 0.000000 0.000000 0.000000 0.000000 0.000000 0.000000 0.000000 0.000000 0.000000 0.000000 0.000000 0.000000 0.000000 0.000000 0.000000 0.000000 0.000000 0.000000 0.000000 0.000000 0.000000 0.000000 0.000000 0.000000 0.000000 0.000000 0.000000 0.000000 0.000000 0.000000 0.000000 0.000000 0.000000 0.000000 0.000000 0.000000 0.000000 0.000000 0.000000 0.000000 0.000000 0.000000 0.000000 0.000000 0.000000 0.000000 0.000000 0.000000 0.000000 0.000000 0.000000 0.000000 0.000000 0.000000 0.000000 0.000000 0.000000 0.000000 0.000000 
31 31
-0.006434 -0.005055 -0.003676 -0.002298 -0.000919 0.000460 0.001838 0.003217 0.004596 0.005974 0.007353 0.008732 0.010110 0.011489 0.012868 0.014246 0.000000 0.000000 0.000000 0.000000 0.000000 0.000000 0.000000 0.000000 0.000000 0.000000 0.000000 0.000000 0.000000 0.000000 0.000000 -0.006434 -0.005055 -0.003676 -0.002298 -0.000919 0.000460 0.001838 0.003217 0.004596 0.005974 0.007353 0.008732 0.010110 0.011489 0.012868 0.014246 0.000000 0.000000 0.000000 0.000000 0.000000 0.000000 0.000000 0.000000 0.000000 0.000000 0.000000 0.000000 0.000000 0.000000 0.000000 -0.006434 -0.005055 -0.003676 -0.002298 -0.000919 0.000460 0.001838 0.003217 0.004596 0.005974 0.007353 0.008732 0.010110 0.011489 0.012868 0.014246 0.000000 0.000000 0.000000 0.000000 0.000000 0.000000 0.000000 0.000000 0.000000 0.000000 0.000000 0.000000 0.000000 0.000000 0.000000 -0.006434 -0.005055 -0.003676 -0.002298 -0.000919 0.000460 0.001838 0.003217 0.004596 0.005974 0.007353 0.008732 0.010110 0.011489 0.012868 0.014246 0.000000 0.000000 0.000000 0.000000 0.000000 0.000000 0.000000 0.000000 0.000000 0.000000 0.000000 0.000000 0.000000 0.000000 0.000000 -0.006434 -0.005055 -0.003676 -0.002298 -0.000919 0.000460 0.001838 0.003217 0.004596 0.005974 0.007353 0.008732 0.010110 0.011489 0.012868 0.014246 0.000000 0.000000 0.000000 0.000000 0.000000 0.000000 0.000000 0.000000 0.000000 0.000000 0.000000 0.000000 0.000000 0.000000 0.000000 -0.006434 -0.005055 -0.003676 -0.002298 -0.000919 0.000460 0.001838 0.003217 0.004596 0.005974 0.007353 0.008732 0.010110 0.011489 0.012868 0.014246 0.000000 0.000000 0.000000 0.000000 0.000000 0.000000 0.000000 0.000000 0.000000 0.000000 0.000000 0.000000 0.000000 0.000000 0.000000 -0.006434 -0.005055 -0.003676 -0.002298 -0.000919 0.000460 0.001838 0.003217 0.004596 0.005974 0.007353 0.008732 0.010110 0.011489 0.012868 0.014246 0.000000 0.000000 0.000000 0.000000 0.000000 0.000000 0.000000 0.000000 0.000000 0.000000 0.000000 0.000000 0.000000 0.000000 0.000000 -0.006434 -0.005055 -0.003676 -0.002298 -0.000919 0.000460 0.001838 0.003217 0.004596 0.005974 0.007353 0.008732 0.010110 0.011489 0.012868 0.014246 0.000000 0.000000 0.000000 0.000000 0.000000 0.000000 0.000000 0.000000 0.000000 0.000000 0.000000 0.000000 0.000000 0.000000 0.000000 -0.006434 -0.005055 -0.003676 -0.002298 -0.000919 0.000460 0.001838 0.003217 0.004596 0.005974 0.007353 0.008732 0.010110 0.011489 0.012868 0.014246 0.000000 0.000000 0.000000 0.000000 0.000000 0.000000 0.000000 0.000000 0.000000 0.000000 0.000000 0.000000 0.000000 0.000000 0.000000 -0.006434 -0.005055 -0.003676 -0.002298 -0.000919 0.000460 0.001838 0.003217 0.004596 0.005974 0.007353 0.008732 0.010110 0.011489 0.012868 0.014246 0.000000 0.000000 0.000000 0.000000 0.000000 0.000000 0.000000 0.000000 0.000000 0.000000 0.000000 0.000000 0.000000 0.000000 0.000000 -0.006434 -0.005055 -0.003676 -0.002298 -0.000919 0.000460 0.001838 0.003217 0.004596 0.005974 0.007353 0.008732 0.010110 0.011489 0.012868 0.014246 0.000000 0.000000 0.000000 0.000000 0.000000 0.000000 0.000000 0.000000 0.000000 0.000000 0.000000 0.000000 0.000000 0.000000 0.000000 -0.006434 -0.005055 -0.003676 -0.002298 -0.000919 0.000460 0.001838 0.003217 0.004596 0.005974 0.007353 0.008732 0.010110 0.011489 0.012868 0.014246 0.000000 0.000000 0.000000 0.000000 0.000000 0.000000 0.000000 0.000000 0.000000 0.000000 0.000000 0.000000 0.000000 0.000000 0.000000 -0.006434 -0.005055 -0.003676 -0.002298 -0.000919 0.000460 0.001838 0.003217 0.004596 0.005974 0.007353 0.008732 0.010110 0.011489 0.012868 0.014246 0.000000 0.000000 0.000000 0.000000 0.000000 0.000000 0.000000 0.000000 0.000000 0.000000 0.000000 0.000000 0.000000 0.000000 0.000000 -0.006434 -0.005055 -0.003676 -0.002298 -0.000919 0.000460 0.001838 0.003217 0.004596 0.005974 0.007353 0.008732 0.010110 0.011489 0.012868 0.014246 0.000000 0.000000 0.000000 0.000000 0.000000 0.000000 0.000000 0.000000 0.000000 0.000000 0.000000 0.000000 0.000000 0.000000 0.000000 -0.006434 -0.005055 -0.003676 -0.002298 -0.000919 0.000460 0.001838 0.003217 0.004596 0.005974 0.007353 0.008732 0.010110 0.011489 0.012868 0.014246 0.000000 0.000000 0.000000 0.000000 0.000000 0.000000 0.000000 0.000000 0.000000 0.000000 0.000000 0.000000 0.000000 0.000000 0.000000 -0.006434 -0.005055 -0.003676 -0.002298 -0.000919 0.000460 0.001838 0.003217 0.004596 0.005974 0.007353 0.008732 0.010110 0.011489 0.012868 0.014246 0.000000 0.000000 0.000000 0.000000 0.000000 0.000000 0.000000 0.000000 0.000000 0.000000 0.000000 0.000000 0.000000 0.000000 0.000000 0.000000 0.000000 0.000000 0.000000 0.000000 0.000000 0.000000 0.000000 0.000000 0.000000 0.000000 0.000000 0.000000 0.000000 0.000000 0.000000 0.000000 0.000000 0.000000 0.000000 0.000000 0.000000 0.000000 0.000000 0.000000 0.000000 0.000000 0.000000 0.000000 0.000000 0.000000 0.000000 0.000000 0.000000 0.000000 0.000000 0.000000 0.000000 0.000000 0.000000 0.000000 0.000000 0.000000 0.000000 0.000000 0.000000 0.000000 0.000000 0.000000 0.000000 0.000000 0.000000 0.000000 0.000000 0.000000 0.000000 0.000000 0.000000 0.000000 0.000000 0.000000 0.000000 0.000000 0.000000 0.000000 0.000000 0.000000 0.000000 0.000000 0.000000 0.000000 0.000000 0.000000 0.000000 0.000000 0.000000 0.000000 0.000000 0.000000 0.000000 0.000000 0.000000 0.000000 0.000000 0.000000 0.000000 0.000000 0.000000 0.000000 0.000000 0.000000 0.000000 0.000000 0.000000 0.000000 0.000000 0.000000 0.000000 0.000000 0.000000 0.000000 0.000000 0.000000 0.000000 0.000000 0.000000 0.000000 0.000000 0.000000 0.000000 0.000000 0.000000 0.000000 0.000000 0.000000 0.000000 0.000000 0.000000 0.000000 0.000000 0.000000 0.000000 0.000000 0.000000 0.000000 0.000000 0.000000 0.000000 0.000000 0.000000 0.000000 0.000000 0.000000 0.000000 0.000000 0.000000 0.000000 0.000000 0.000000 0.000000 0.000000 0.000000 0.000000 0.000000 0.000000 0.000000 0.000000 0.000000 0.000000 0.000000 0.000000 0.000000 0.000000 0.000000 0.000000 0.000000 0.000000 0.000000 0.000000 0.000000 0.000000 0.000000 0.000000 0.000000 0.000000 0.000000 0.000000 0.000000 0.000000 0.000000 0.000000 0.000000 0.000000 0.000000 0.000000 0.000000 0.000000 0.000000 0.000000 0.000000 0.000000 0.000000 0.000000 0.000000 0.000000 0.000000 0.000000 0.000000 0.000000 0.000000 0.000000 0.000000 0.000000 0.000000 0.000000 0.000000 0.000000 0.000000 0.000000 0.000000 0.000000 0.000000 0.000000 0.000000 0.000000 0.000000 0.000000 0.000000 0.000000 0.000000 0.000000 0.000000 0.000000 0.000000 0.000000 0.000000 0.000000 0.000000 0.000000 0.000000 0.000000 0.000000 0.000000 0.000000 0.000000 0.000000 0.000000 0.000000 0.000000 0.000000 0.000000 0.000000 0.000000 0.000000 0.000000 0.000000 0.000000 0.000000 0.000000 0.000000 0.000000 0.000000 0.000000 0.000000 0.000000 0.000000 0.000000 0.000000 0.000000 0.000000 0.000000 0.000000 0.000000 0.000000 0.000000 0.000000 0.000000 0.000000 0.000000 0.000000 0.000000 0.000000 0.000000 0.000000 0.000000 0.000000 0.000000 0.000000 0.000000 0.000000 0.000000 0.000000 0.000000 0.000000 0.000000 0.000000 0.000000 0.000000 0.000000 0.000000 0.000000 0.000000 0.000000 0.000000 0.000000 0.000000 0.000000 0.000000 0.000000 0.000000 0.000000 0.000000 0.000000 0.000000 0.000000 0.000000 0.000000 0.000000 0.000000 0.000000 0.000000 0.000000 0.000000 0.000000 0.000000 0.000000 0.000000 0.000000 0.000000 0.000000 0.000000 0.000000 0.000000 0.000000 0.000000 0.000000 0.000000 0.000000 0.000000 0.000000 0.000000 0.000000 0.000000 0.000000 0.000000 0.000000 0.000000 0.000000 0.000000 0.000000 0.000000 0.000000 0.000000 0.000000 0.000000 0.000000 0.000000 0.000000 0.000000 0.000000 0.000000 0.000000 0.000000 0.000000 0.000000 0.000000 0.000000 0.000000 0.000000 0.000000 0.000000 0.000000 0.000000 0.000000 0.000000 0.000000 0.000000 0.000000 0.000000 0.000000 0.000000 0.000000 0.000000 0.000000 0.000000 0.000000 0.000000 0.000000 0.000000 0.000000 0.000000 0.000000 0.000000 0.000000 0.000000 0.000000 0.000000 0.000000 0.000000 0.000000 0.000000 0.000000 0.000000 0.000000 0.000000 0.000000 0.000000 0.000000 0.000000 0.000000 0.000000 0.000000 0.000000 0.000000 0.000000 0.000000 0.000000 0.000000 0.000000 0.000000 0.000000 0.000000 0.000000 0.000000 0.000000 0.000000 0.000000 0.000000 0.000000 0.000000 0.000000 0.000000 0.000000 0.000000 0.000000 0.000000 0.000000 0.000000 0.000000 0.000000 0.000000 0.000000 0.000000 0.000000 0.000000 0.000000 0.000000 0.000000 0.000000 0.000000 0.000000 0.000000 0.000000 0.000000 0.000000 0.000000 0.000000 0.000000 0.000000 0.000000 0.000000 0.000000 0.000000 0.000000 0.000000 0.000000 0.000000 0.000000 0.000000 0.000000 0.000000 0.000000 0.000000 0.000000 0.000000 0.000000 0.000000 0.000000 0.000000 0.000000 0.000000 0.000000 0.000000 0.000000 0.000000 
1 1
1.000000 
3 3
0.000000 0.000000 0.000000 0.500000 0.500000 0.000000 -0.000000 -0.000000 0.000000 
7 7
0.000000 0.000000 0.000000 0.000000 0.000000 0.000000 0.000000 0.000000 0.000000 0.000000 0.000000 0.000000 0.000000 0.000000 0.000000 0.000000 0.000000 0.000000 0.000000 0.000000 0.000000 0.175000 0.175000 0.175000 0.175000 0.000000 0.000000 0.000000 0.100000 0.100000 0.100000 0.100000 0.000000 0.000000 0.000000 0.025000 0.025000 0.025000 0.025000 0.000000 0.000000 0.000000 -0.050000 -0.050000 -0.050000 -0.050000 0.000000 0.000000 0.000000 
15 15
0.000000 0.000000 0.000000 0.000000 0.000000 0.000000 0.000000 0.000000 0.000000 0.000000 0.000000 0.000000 0.000000 0.000000 0.000000 0.000000 0.000000 0.000000 0.000000 0.000000 0.000000 0.000000 0.000000 0.000000 0.000000 0.000000 0.000000 0.000000 0.000000 0.000000 0.000000 0.000000 0.000000 0.000000 0.000000 0.000000 0.000000 0.000000 0.000000 0.000000 0.000000 0.000000 0.000000 0.000000 0.000000 0.000000 0.000000 0.000000 0.000000 0.000000 0.000000 0.000000 0.000000 0.000000 0.000000 0.000000 0.000000 0.000000 0.000000 0.000000 0.000000 0.000000 0.000000 0.000000 0.000000 0.000000 0.000000 0.000000 0.000000 0.000000 0.000000 0.000000 0.000000 0.000000 0.000000 0.000000 0.000000 0.000000 0.000000 0.000000 0.000000 0.000000 0.000000 0.000000 0.000000 0.000000 0.000000 0.000000 0.000000 0.000000 0.000000 0.000000 0.000000 0.000000 0.000000 0.000000 0.000000 0.000000 0.000000 0.000000 0.000000 0.000000 0.000000 0.000000 0.000000 0.052083 0.052083 0.052083 0.052083 0.052083 0.052083 0.052083 0.052083 0.000000 0.000000 0.000000 0.000000 0.000000 0.000000 0.000000 0.041667 0.041667 0.041667 0.041667 0.041667 0.041667 0.041667 0.041667 0.000000 0.000000 0.000000 0.000000 0.000000 0.000000 0.000000 0.031250 0.031250 0.031250 0.031250 0.031250 0.031250 0.031250 0.031250 0.000000 0.000000 0.000000 0.000000 0.000000 0.000000 0.000000 0.020833 0.020833 0.020833 0.020833 0.020833 0.020833 0.020833 0.020833 0.000000 0.000000 0.000000 0.000000 0.000000 0.000000 0.000000 0.010417 0.010417 0.010417 0.010417 0.010417 0.010417 0.010417 0.010417 0.000000 0.000000 0.000000 0.000000 0.000000 0.000000 0.000000 -0.000000 -0.000000 -0.000000 -0.000000 -0.000000 -0.000000 -0.000000 -0.000000 0.000000 0.000000 0.000000 0.000000 0.000000 0.000000 0.000000 -0.010417 -0.010417 -0.010417 -0.010417 -0.010417 -0.010417 -0.010417 -0.010417 0.000000 0.000000 0.000000 0.000000 0.000000 0.000000 0.000000 -0.020833 -0.020833 -0.020833 -0.020833 -0.020833 -0.020833 -0.020833 -0.020833 0.000000 0.000000 0.000000 0.000000 0.000000 0.000000 0.000000 
31 31
0.000000 0.000000 0.000000 0.000000 0.000000 0.000000 0.000000 0.000000 0.000000 0.000000 0.000000 0.000000 0.000000 0.000000 0.000000 0.000000 0.000000 0.000000 0.000000 0.000000 0.000000 0.000000 0.000000 0.000000 0.000000 0.000000 0.000000 0.000000 0.000000 0.000000 0.000000 0.000000 0.000000 0.000000 0.000000 0.000000 0.000000 0.000000 0.000000 0.000000 0.000000 0.000000 0.000000 0.000000 0.000000 0.000000 0.000000 0.000000 0.000000 0.000000 0.000000 0.000000 0.000000 0.000000 0.000000 0.000000 0.000000 0.000000 0.000000 0.000000 0.000000 0.000000 0.000000 0.000000 0.000000 0.000000 0.000000 0.000000 0.000000 0.000000 0.000000 0.000000 0.000000 0.000000 0.000000 0.000000 0.000000 0.000000 0.000000 0.000000 0.000000 0.000000 0.000000 0.000000 0.000000 0.000000 0.000000 0.000000 0.000000 0.000000 0.000000 0.000000 0.000000 0.000000 0.000000 0.000000 0.000000 0.000000 0.000000 0.000000 0.000000 0.000000 0.000000 0.000000 0.000000 0.000000 0.000000 0.000000 0.000000 0.000000 0.000000 0.000000 0.000000 0.000000 0.000000 0.000000 0.000000 0.000000 0.000000 0.000000 0.000000 0.000000 0.000000 0.000000 0.000000 0.000000 0.000000 0.000000 0.000000 0.000000 0.000000 0.000000 0.000000 0.000000 0.000000 0.000000 0.000000 0.000000 0.000000 0.000000 0.000000 0.000000 0.000000 0.000000 0.000000 0.000000 0.000000 0.000000 0.000000 0.000000 0.000000 0.000000 0.000000 0.000000 0.000000 0.000000 0.000000 0.000000 0.000000 0.000000 0.000000 0.000000 0.000000 0.000000 0.000000 0.000000 0.000000 0.000000 0.000000 0.000000 0.000000 0.000000 0.000000 0.000000 0.000000 0.000000 0.000000 0.000000 0.000000 0.000000 0.000000 0.000000 0.000000 0.000000 0.000000 0.000000 0.000000 0.000000 0.000000 0.000000 0.000000 0.000000 0.000000 0.000000 0.000000 0.000000 0.000000 0.000000 0.000000 0.000000 0.000000 0.000000 0.000000 0.000000 0.000000 0.000000 0.000000 0.000000 0.000000 0.000000 0.000000 0.000000 0.000000 0.000000 0.000000 0.000000 0.000000 0.000000 0.000000 0.000000 0.000000 0.000000 0.000000 0.000000 0.000000 0.000000 0.000000 0.000000 0.000000 0.000000 0.000000 0.000000 0.000000 0.000000 0.000000 0.000000 0.000000 0.000000 0.000000 0.000000 0.000000 0.000000 0.000000 0.000000 0.000000 0.000000 0.000000 0.000000 0.000000 0.000000 0.000000 0.000000 0.000000 0.000000 0.000000 0.000000 0.000000 0.000000 0.000000 0.000000 0.000000 0.000000 0.000000 0.000000 0.000000 0.000000 0.000000 0.000000 0.000000 0.000000 0.000000 0.000000 0.000000 0.000000 0.000000 0.000000 0.000000 0.000000 0.000000 0.000000 0.000000 0.000000 0.000000 0.000000 0.000000 0.000000 0.000000 0.000000 0.000000 0.000000 0.000000 0.000000 0.000000 0.000000 0.000000 0.000000 0.000000 0.000000 0.000000 0.000000 0.000000 0.000000 0.000000 0.000000 0.000000 0.000000 0.000000 0.000000 0.000000 0.000000 0.000000 0.000000 0.000000 0.000000 0.000000 0.000000 0.000000 0.000000 0.000000 0.000000 0.000000 0.000000 0.000000 0.000000 0.000000 0.000000 0.000000 0.000000 0.000000 0.000000 0.000000 0.000000 0.000000 0.000000 0.000000 0.000000 0.000000 0.000000 0.000000 0.000000 0.000000 0.000000 0.000000 0.000000 0.000000 0.000000 0.000000 0.000000 0.000000 0.000000 0.000000 0.000000 0.000000 0.000000 0.000000 0.000000 0.000000 0.000000 0.000000 0.000000 0.000000 0.000000 0.000000 0.000000 0.000000 0.000000 0.000000 0.000000 0.000000 0.000000 0.000000 0.000000 0.000000 0.000000 0.000000 0.000000 0.000000 0.000000 0.000000 0.000000 0.000000 0.000000 0.000000 0.000000 0.000000 0.000000 0.000000 0.000000 0.000000 0.000000 0.000000 0.000000 0.000000 0.000000 0.000000 0.000000 0.000000 0.000000 0.000000 0.000000 0.000000 0.000000 0.000000 0.000000 0.000000 0.000000 0.000000 0.000000 0.000000 0.000000 0.000000 0.000000 0.000000 0.000000 0.000000 0.000000 0.000000 0.000000 0.000000 0.000000 0.000000 0.000000 0.000000 0.000000 0.000000 0.000000 0.000000 0.000000 0.000000 0.000000 0.000000 0.000000 0.000000 0.000000 0.000000 0.000000 0.000000 0.000000 0.000000 0.000000 0.000000 0.000000 0.000000 0.000000 0.000000 0.000000 0.000000 0.000000 0.000000 0.000000 0.000000 0.000000 0.000000 0.000000 0.000000 0.000000 0.000000 0.000000 0.000000 0.000000 0.000000 0.000000 0.000000 0.000000 0.000000 0.014246 0.014246 0.014246 0.014246 0.014246 0.014246 0.014246 0.014246 0.014246 0.014246 0.014246 0.014246 0.014246 0.014246 0.014246 0.014246 0.000000 0.000000 0.000000 0.000000 0.000000 0.000000 0.000000 0.000000 0.000000 0.000000 0.000000 0.000000 0.000000 0.000000 0.000000 0.012868 0.012868 0.012868 0.012868 0.012868 0.012868 0.012868 0.012868 0.012868 0.012868 0.012868 0.012868 0.012868 0.012868 0.012868 0.012868 0.000000 0.000000 0.000000 0.000000 0.000000 0.000000 0.000000 0.000000 0.000000 0.000000 0.000000 0.000000 0.000000 0.000000 0.000000 0.011489 0.011489 0.011489 0.011489 0.011489 0.011489 0.011489 0.011489 0.011489 0.011489 0.011489 0.011489 0.011489 0.011489 0.011489 0.011489 0.000000 0.000000 0.000000 0.000000 0.000000 0.000000 0.000000 0.000000 0.000000 0.000000 0.000000 0.000000 0.000000 0.000000 0.000000 0.010110 0.010110 0.010110 0.010110 0.010110 0.010110 0.010110 0.010110 0.010110 0.010110 0.010110 0.010110 0.010110 0.010110 0.010110 0.010110 0.000000 0.000000 0.000000 0.000000 0.000000 0.000000 0.000000 0.000000 0.000000 0.000000 0.000000 0.000000 0.000000 0.000000 0.000000 0.008732 0.008732 0.008732 0.008732 0.008732 0.008732 0.008732 0.008732 0.008732 0.008732 0.008732 0.008732 0.008732 0.008732 0.008732 0.008732 0.000000 0.000000 0.000000 0.000000 0.000000 0.000000 0.000000 0.000000 0.000000 0.000000 0.000000 0.000000 0.000000 0.000000 0.000000 0.007353 0.007353 0.007353 0.007353 0.007353 0.007353 0.007353 0.007353 0.007353 0.007353 0.007353 0.007353 0.007353 0.007353 0.007353 0.007353 0.000000 0.000000 0.000000 0.000000 0.000000 0.000000 0.000000 0.000000 0.000000 0.000000 0.000000 0.000000 0.000000 0.000000 0.000000 0.005974 0.005974 0.005974 0.005974 0.005974 0.005974 0.005974 0.005974 0.005974 0.005974 0.005974 0.005974 0.005974 0.005974 0.005974 0.005974 0.000000 0.000000 0.000000 0.000000 0.000000 0.000000 0.000000 0.000000 0.000000 0.000000 0.000000 0.000000 0.000000 0.000000 0.000000 0.004596 0.004596 0.004596 0.004596 0.004596 0.004596 0.004596 0.004596 0.004596 0.004596 0.004596 0.004596 0.004596 0.004596 0.004596 0.004596 0.000000 0.000000 0.000000 0.000000 0.000000 0.000000 0.000000 0.000000 0.000000 0.000000 0.000000 0.000000 0.000000 0.000000 0.000000 0.003217 0.003217 0.003217 0.003217 0.003217 0.003217 0.003217 0.003217 0.003217 0.003217 0.003217 0.003217 0.003217 0.003217 0.003217 0.003217 0.000000 0.000000 0.000000 0.000000 0.000000 0.000000 0.000000 0.000000 0.000000 0.000000 0.000000 0.000000 0.000000 0.000000 0.000000 0.001838 0.001838 0.001838 0.001838 0.001838 0.001838 0.001838 0.001838 0.001838 0.001838 0.001838 0.001838 0.001838 0.001838 0.001838 0.001838 0.000000 0.000000 0.000000 0.000000 0.000000 0.000000 0.000000 0.000000 0.000000 0.000000 0.000000 0.000000 0.000000 0.000000 0.000000 0.000460 0.000460 0.000460 0.000460 0.000460 0.000460 0.000460 0.000460 0.000460 0.000460 0.000460 0.000460 0.000460 0.000460 0.000460 0.000460 0.000000 0.000000 0.000000 0.000000 0.000000 0.000000 0.000000 0.000000 0.000000 0.000000 0.000000 0.000000 0.000000 0.000000 0.000000 -0.000919 -0.000919 -0.000919 -0.000919 -0.000919 -0.000919 -0.000919 -0.000919 -0.000919 -0.000919 -0.000919 -0.000919 -0.000919 -0.000919 -0.000919 -0.000919 0.000000 0.000000 0.000000 0.000000 0.000000 0.000000 0.000000 0.000000 0.000000 0.000000 0.000000 0.000000 0.000000 0.000000 0.000000 -0.002298 -0.002298 -0.002298 -0.002298 -0.002298 -0.002298 -0.002298 -0.002298 -0.002298 -0.002298 -0.002298 -0.002298 -0.002298 -0.002298 -0.002298 -0.002298 0.000000 0.000000 0.000000 0.000000 0.000000 0.000000 0.000000 0.000000 0.000000 0.000000 0.000000 0.000000 0.000000 0.000000 0.000000 -0.003676 -0.003676 -0.003676 -0.003676 -0.003676 -0.003676 -0.003676 -0.003676 -0.003676 -0.003676 -0.003676 -0.003676 -0.003676 -0.003676 -0.003676 -0.003676 0.000000 0.000000 0.000000 0.000000 0.000000 0.000000 0.000000 0.000000 0.000000 0.000000 0.000000 0.000000 0.000000 0.000000 0.000000 -0.005055 -0.005055 -0.005055 -0.005055 -0.005055 -0.005055 -0.005055 -0.005055 -0.005055 -0.005055 -0.005055 -0.005055 -0.005055 -0.005055 -0.005055 -0.005055 0.000000 0.000000 0.000000 0.000000 0.000000 0.000000 0.000000 0.000000 0.000000 0.000000 0.000000 0.000000 0.000000 0.000000 0.000000 -0.006434 -0.006434 -0.006434 -0.006434 -0.006434 -0.006434 -0.006434 -0.006434 -0.006434 -0.006434 -0.006434 -0.006434 -0.006434 -0.006434 -0.006434 -0.006434 0.000000 0.000000 0.000000 0.000000 0.000000 0.000000 0.000000 0.000000 0.000000 0.000000 0.000000 0.000000 0.000000 0.000000 0.000000 
