4 5
1 1
1.000000 
3 3
0.000000 0.000000 0.000000 0.000000 0.250000 0.250000 0.000000 0.250000 0.250000 
7 7
0.000000 0.000000 0.000000 0.000000 0.000000 0.000000 0.000000 0.000000 0.000000 0.000000 0.000000 0.000000 0.000000 0.000000 0.000000 0.000000 0.000000 0.000000 0.000000 0.000000 0.000000 0.000000 0.000000 0.000000 0.062500 0.062500 0.062500 0.062500 0.000000 0.000000 0.000000 0.062500 0.062500 0.062500 0.062500 0.000000 0.000000 0.000000 0.062500 0.062500 0.062500 0.062500 0.000000 0.000000 0.000000 0.062500 0.062500 0.062500 0.062500 
15 15
0.000000 0.000000 0.000000 0.000000 0.000000 0.000000 0.000000 0.000000 0.000000 0.000000 0.000000 0.000000 0.000000 0.000000 0.000000 0.000000 0.000000 0.000000 0.000000 0.000000 0.000000 0.000000 0.000000 0.000000 0.000000 0.000000 0.000000 0.000000 0.000000 0.000000 0.000000 0.000000 0.000000 0.000000 0.000000 0.000000 0.000000 0.000000 0.000000 0.000000 0.000000 0.000000 0.000000 0.000000 0.000000 0.000000 0.000000 0.000000 0.000000 0.000000 0.000000 0.000000 0.000000 0.000000 0.000000 0.000000 0.000000 0.000000 0.000000 0.000000 0.000000 0.000000 0.000000 0.000000 0.000000 0.000000 0.000000 0.000000 0.000000 0.000000 0.000000 0.000000 0.000000 0.000000 0.000000 0.000000 0.000000 0.000000 0.000000 0.000000 0.000000 0.000000 0.000000 0.000000 0.000000 0.000000 0.000000 0.000000 0.000000 0.000000 0.000000 0.000000 0.000000 0.000000 0.000000 0.000000 0.000000 0.000000 0.000000 0.000000 0.000000 0.000000 0.000000 0.000000 0.000000 0.000000 0.000000 0.000000 0.000000 0.000000 0.000000 0.000000 0.015625 0.015625 0.015625 0.015625 0.015625 0.015625 0.015625 0.015625 0.000000 0.000000 0.000000 0.000000 0.000000 0.000000 0.000000 0.015625 0.015625 0.015625 0.015625 0.015625 0.015625 0.015625 0.015625 0.000000 0.000000 0.000000 0.000000 0.000000 0.000000 0.000000 0.015625 0.015625 0.015625 0.015625 0.015625 0.015625 0.015625 0.015625 0.000000 0.000000 0.000000 0.000000 0.000000 0.000000 0.000000 0.015625 0.015625 0.015625 0.015625 0.015625 0.015625 0.015625 0.015625 0.000000 0.000000 0.000000 0.000000 0.000000 0.000000 0.000000 0.015625 0.015625 0.015625 0.015625 0.015625 0.015625 0.015625 0.015625 0.000000 0.000000 0.000000 0.000000 0.000000 0.000000 0.000000 0.015625 0.015625 0.015625 0.015625 0.015625 0.015625 0.015625 0.015625 0.000000 0.000000 0.000000 0.000000 0.000000 0.000000 0.000000 0.015625 0.015625 0.015625 0.015625 0.015625 0.015625 0.015625 0.015625 0.000000 0.000000 0.000000 0.000000 0.000000 0.000000 0.000000 0.015625 0.015625 0.015625 0.015625 0.015625 0.015625 0.015625 0.015625 
31 31
0.000000 0.000000 0.000000 0.000000 0.000000 0.000000 0.000000 0.000000 0.000000 0.000000 0.000000 0.000000 0.000000 0.000000 0.000000 0.000000 0.000000 0.000000 0.000000 0.000000 0.000000 0.000000 0.000000 0.000000 0.000000 0.000000 0.000000 0.000000 0.000000 0.000000 0.000000 0.000000 0.000000 0.000000 0.000000 0.000000 0.000000 0.000000 0.000000 0.000000 0.000000 0.000000 0.000000 0.000000 0.000000 0.000000 0.000000 0.000000 0.000000 0.000000 0.000000 0.000000 0.000000 0.000000 0.000000 0.000000 0.000000 0.000000 0.000000 0.000000 0.000000 0.000000 0.000000 0.000000 0.000000 0.000000 0.000000 0.000000 0.000000 0.000000 0.000000 0.000000 0.000000 0.000000 0.000000 0.000000 0.000000 0.000000 0.000000 0.000000 0.000000 0.000000 0.000000 0.000000 0.000000 0.000000 0.000000 0.000000 0.000000 0.000000 0.000000 0.000000 0.000000 0.000000 0.000000 0.000000 0.000000 0.000000 0.000000 0.000000 0.000000 0.000000 0.000000 0.000000 0.000000 0.000000 0.000000 0.000000 0.000000 0.000000 0.000000 0.000000 0.000000 0.000000 0.000000 0.000000 0.000000 0.000000 0.000000 0.000000 0.000000 0.000000 0.000000 0.000000 0.000000 0.000000 0.000000 0.000000 0.000000 0.000000 0.000000 0.000000 0.000000 0.000000 0.000000 0.000000 0.000000 0.000000 0.000000 0.000000 0.000000 0.000000 0.000000 0.000000 0.000000 0.000000 0.000000 0.000000 0.000000 0.000000 0.000000 0.000000 0.000000 0.000000 0.000000 0.000000 0.000000 0.000000 0.000000 0.000000 0.000000 0.000000 0.000000 0.000000 0.000000 0.000000 0.000000 0.000000 0.000000 0.000000 0.000000 0.000000 0.000000 0.000000 0.000000 0.000000 0.000000 0.000000 0.000000 0.000000 0.000000 0.000000 0.000000 0.000000 0.000000 0.000000 0.000000 0.000000 0.000000 0.000000 0.000000 0.000000 0.000000 0.000000 0.000000 0.000000 0.000000 0.000000 0.000000 0.000000 0.000000 0.000000 0.000000 0.000000 0.000000 0.000000 0.000000 0.000000 0.000000 0.000000 0.000000 0.000000 0.000000 0.000000 0.000000 0.000000 0.000000 0.000000 0.000000 0.000000 0.000000 0.000000 0.000000 0.000000 0.000000 0.000000 0.000000 0.000000 0.000000 0.000000 0.000000 0.000000 0.000000 0.000000 0.000000 0.000000 0.000000 0.000000 0.000000 0.000000 0.000000 0.000000 0.000000 0.000000 0.000000 0.000000 0.000000 0.000000 0.000000 0.000000 0.000000 0.000000 0.000000 0.000000 0.000000 0.000000 0.000000 0.000000 0.000000 0.000000 0.000000 0.000000 0.000000 0.000000 0.000000 0.000000 0.000000 0.000000 0.000000 0.000000 0.000000 0.000000 0.000000 0.000000 0.000000 0.000000 0.000000 0.000000 0.000000 0.000000 0.000000 0.000000 0.000000 0.000000 0.000000 0.000000 0.000000 0.000000 0.000000 0.000000 0.000000 0.000000 0.000000 0.000000 0.000000 0.000000 0.000000 0.000000 0.000000 0.000000 0.000000 0.000000 0.000000 0.000000 0.000000 0.000000 0.000000 0.000000 0.000000 0.000000 0.000000 0.000000 0.000000 0.000000 0.000000 0.000000 0.000000 0.000000 0.000000 0.000000 0.000000 0.000000 0.000000 0.000000 0.000000 0.000000 0.000000 0.000000 0.000000 0.000000 0.000000 0.000000 0.000000 0.000000 0.000000 0.000000 0.000000 0.000000 0.000000 0.000000 0.000000 0.000000 0.000000 0.000000 0.000000 0.000000 0.000000 0.000000 0.000000 0.000000 0.000000 0.000000 0.000000 0.000000 0.000000 0.000000 0.000000 0.000000 0.000000 0.000000 0.000000 0.000000 0.000000 0.000000 0.000000 0.000000 0.000000 0.000000 0.000000 0.000000 0.000000 0.000000 0.000000 0.000000 0.000000 0.000000 0.000000 0.000000 0.000000 0.000000 0.000000 0.000000 0.000000 0.000000 0.000000 0.000000 0.000000 0.000000 0.000000 0.000000 0.000000 0.000000 0.000000 0.000000 0.000000 0.000000 0.000000 0.000000 0.000000 0.000000 0.000000 0.000000 0.000000 0.000000 0.000000 0.000000 0.000000 0.000000 0.000000 0.000000 0.000000 0.000000 0.000000 0.000000 0.000000 0.000000 0.000000 0.000000 0.000000 0.000000 0.000000 0.000000 0.000000 0.000000 0.000000 0.000000 0.000000 0.000000 0.000000 0.000000 0.000000 0.000000 0.000000 0.000000 0.000000 0.000000 0.000000 0.000000 0.000000 0.000000 0.000000 0.000000 0.000000 0.000000 0.000000 0.000000 0.000000 0.000000 0.000000 0.000000 0.000000 0.000000 0.000000 0.000000 0.000000 0.000000 0.000000 0.000000 0.000000 0.000000 0.000000 0.000000 0.000000 0.000000 0.000000 0.000000 0.000000 0.000000 0.000000 0.000000 0.000000 0.000000 0.000000 0.000000 0.000000 0.000000 0.000000 0.000000 0.000000 0.000000 0.003906 0.003906 0.003906 0.003906 0.003906 0.003906 0.003906 0.003906 0.003906 0.003906 0.003906 0.003906 0.003906 0.003906 0.003906 0.003906 0.000000 0.000000 0.000000 0.000000 0.000000 0.000000 0.000000 0.000000 0.000000 0.000000 0.000000 0.000000 0.000000 0.000000 0.000000 0.003906 0.003906 0.003906 0.003906 0.003906 0.003906 0.003906 0.003906 0.003906 0.003906 0.003906 0.003906 0.003906 0.003906 0.003906 0.003906 0.000000 0.000000 0.000000 0.000000 0.000000 0.000000 0.000000 0.000000 0.000000 0.000000 0.000000 0.000000 0.000000 0.000000 0.000000 0.003906 0.003906 0.003906 0.003906 0.003906 0.003906 0.003906 0.003906 0.003906 0.003906 0.003906 0.003906 0.003906 0.003906 0.003906 0.003906 0.000000 0.000000 0.000000 0.000000 0.000000 0.000000 0.000000 0.000000 0.000000 0.000000 0.000000 0.000000 0.000000 0.000000 0.000000 0.003906 0.003906 0.003906 0.003906 0.003906 0.003906 0.003906 0.003906 0.003906 0.003906 0.003906 0.003906 0.003906 0.003906 0.003906 0.003906 0.000000 0.000000 0.000000 0.000000 0.000000 0.000000 0.000000 0.000000 0.000000 0.000000 0.000000 0.000000 0.000000 0.000000 0.000000 0.003906 0.003906 0.003906 0.003906 0.003906 0.003906 0.003906 0.003906 0.003906 0.003906 0.003906 0.003906 0.003906 0.003906 0.003906 0.003906 0.000000 0.000000 0.000000 0.000000 0.000000 0.000000 0.000000 0.000000 0.000000 0.000000 0.000000 0.000000 0.000000 0.000000 0.000000 0.003906 0.003906 0.003906 0.003906 0.003906 0.003906 0.003906 0.003906 0.003906 0.003906 0.003906 0.003906 0.003906 0.003906 0.003906 0.003906 0.000000 0.000000 0.000000 0.000000 0.000000 0.000000 0.000000 0.000000 0.000000 0.000000 0.000000 0.000000 0.000000 0.000000 0.000000 0.003906 0.003906 0.003906 0.003906 0.003906 0.003906 0.003906 0.003906 0.003906 0.003906 0.003906 0.003906 0.003906 0.003906 0.003906 0.003906 0.000000 0.000000 0.000000 0.000000 0.000000 0.000000 0.000000 0.000000 0.000000 0.000000 0.000000 0.000000 0.000000 0.000000 0.000000 0.003906 0.003906 0.003906 0.003906 0.003906 0.003906 0.003906 0.003906 0.003906 0.003906 0.003906 0.003906 0.003906 0.003906 0.003906 0.003906 0.000000 0.000000 0.000000 0.000000 0.000000 0.000000 0.000000 0.000000 0.000000 0.000000 0.000000 0.000000 0.000000 0.000000 0.000000 0.003906 0.003906 0.003906 0.003906 0.003906 0.003906 0.003906 0.003906 0.003906 0.003906 0.003906 0.003906 0.003906 0.003906 0.003906 0.003906 0.000000 0.000000 0.000000 0.000000 0.000000 0.000000 0.000000 0.000000 0.000000 0.000000 0.000000 0.000000 0.000000 0.000000 0.000000 0.003906 0.003906 0.003906 0.003906 0.003906 0.003906 0.003906 0.003906 0.003906 0.003906 0.003906 0.003906 0.003906 0.003906 0.003906 0.003906 0.000000 0.000000 0.000000 0.000000 0.000000 0.000000 0.000000 0.000000 0.000000 0.000000 0.000000 0.000000 0.000000 0.000000 0.000000 0.003906 0.003906 0.003906 0.003906 0.003906 0.003906 0.003906 0.003906 0.003906 0.003906 0.003906 0.003906 0.003906 0.003906 0.003906 0.003906 0.000000 0.000000 0.000000 0.000000 0.000000 0.000000 0.000000 0.000000 0.000000 0.000000 0.000000 0.000000 0.000000 0.000000 0.000000 0.003906 0.003906 0.003906 0.003906 0.003906 0.003906 0.003906 0.003906 0.003906 0.003906 0.003906 0.003906 0.003906 0.003906 0.003906 0.003906 0.000000 0.000000 0.000000 0.000000 0.000000 0.000000 0.000000 0.000000 0.000000 0.000000 0.000000 0.000000 0.000000 0.000000 0.000000 0.003906 0.003906 0.003906 0.003906 0.003906 0.003906 0.003906 0.003906 0.003906 0.003906 0.003906 0.003906 0.003906 0.003906 0.003906 0.003906 0.000000 0.000000 0.000000 0.000000 0.000000 0.000000 0.000000 0.000000 0.000000 0.000000 0.000000 0.000000 0.000000 0.000000 0.000000 0.003906 0.003906 0.003906 0.003906 0.003906 0.003906 0.003906 0.003906 0.003906 0.003906 0.003906 0.003906 0.003906 0.003906 0.003906 0.003906 0.000000 0.000000 0.000000 0.000000 0.000000 0.000000 0.000000 0.000000 0.000000 0.000000 0.000000 0.000000 0.000000 0.000000 0.000000 0.003906 0.003906 0.003906 0.003906 0.003906 0.003906 0.003906 0.003906 0.003906 0.003906 0.003906 0.003906 0.003906 0.003906 0.003906 0.003906 0.000000 0.000000 0.000000 0.000000 0.000000 0.000000 0.000000 0.000000 0.000000 0.000000 0.000000 0.000000 0.000000 0.000000 0.000000 0.003906 0.003906 0.003906 0.003906 0.003906 0.003906 0.003906 0.003906 0.003906 0.003906 0.003906 0.003906 0.003906 0.003906 0.003906 0.003906 
1 1
1.000000 
3 3
0.000000 0.250000 0.250000 0.000000 0.250000 0.250000 0.000000 0.000000 0.000000 
7 7
0.000000 0.000000 0.000000 0.062500 0.062500 0.062500 0.062500 0.000000 0.000000 0.000000 0.062500 0.062500 0.062500 0.062500 0.000000 0.000000 0.000000 0.062500 0.062500 0.062500 0.062500 0.000000 0.000000 0.000000 0.062500 0.062500 0.062500 0.062500 0.000000 0.000000 0.000000 0.000000 0.000000 0.000000 0.000000 0.000000 0.000000 0.000000 0.000000 0.000000 0.000000 0.000000 0.000000 0.000000 0.000000 0.000000 0.000000 0.000000 0.000000 
15 15
0.000000 0.000000 0.000000 0.000000 0.000000 0.000000 0.000000 0.015625 0.015625 0.015625 0.015625 0.015625 0.015625 0.015625 0.015625 0.000000 0.000000 0.000000 0.000000 0.000000 0.000000 0.000000 0.015625 0.015625 0.015625 0.015625 0.015625 0.015625 0.015625 0.015625 0.000000 0.000000 0.000000 0.000000 0.000000 0.000000 0.000000 0.015625 0.015625 0.015625 0.015625 0.015625 0.015625 0.015625 0.015625 0.000000 0.000000 0.000000 0.000000 0.000000 0.000000 0.000000 0.015625 0.015625 0.015625 0.015625 0.015625 0.015625 0.015625 0.015625 0.000000 0.000000 0.000000 0.000000 0.000000 0.000000 0.000000 0.015625 0.015625 0.015625 0.015625 0.015625 0.015625 0.015625 0.015625 0.000000 0.000000 0.000000 0.000000 0.000000 0.000000 0.000000 0.015625 0.015625 0.015625 0.015625 0.015625 0.015625 0.015625 0.015625 0.000000 0.000000 0.000000 0.000000 0.000000 0.000000 0.000000 0.015625 0.015625 0.015625 0.015625 0.015625 0.015625 0.015625 0.015625 0.000000 0.000000 0.000000 0.000000 0.000000 0.000000 0.000000 0.015625 0.015625 0.015625 0.015625 0.015625 0.015625 0.015625 0.015625 0.000000 0.000000 0.000000 0.000000 0.000000 0.000000 0.000000 0.000000 0.000000 0.000000 0.000000 0.000000 0.000000 0.000000 0.000000 0.000000 0.000000 0.000000 0.000000 0.000000 0.000000 0.000000 0.000000 0.000000 0.000000 0.000000 0.000000 0.000000 0.000000 0.000000 0.000000 0.000000 0.000000 0.000000 0.000000 0.000000 0.000000 0.000000 0.000000 0.000000 0.000000 0.000000 0.000000 0.000000 0.000000 0.000000 0.000000 0.000000 0.000000 0.000000 0.000000 0.000000 0.000000 0.000000 0.000000 0.000000 0.000000 0.000000 0.000000 0.000000 0.000000 0.000000 0.000000 0.000000 0.000000 0.000000 0.000000 0.000000 0.000000 0.000000 0.000000 0.000000 0.000000 0.000000 0.000000 0.000000 0.000000 0.000000 0.000000 0.000000 0.000000 0.000000 0.000000 0.000000 0.000000 0.000000 0.000000 0.000000 0.000000 0.000000 0.000000 0.000000 0.000000 0.000000 0.000000 0.000000 0.000000 0.000000 0.000000 0.000000 0.000000 0.000000 0.000000 0.000000 0.000000 
31 31
0.000000 0.000000 0.000000 0.000000 0.000000 0.000000 0.000000 0.000000 0.000000 0.000000 0.000000 0.000000 0.000000 0.000000 0.000000 0.003906 0.003906 0.003906 0.003906 0.003906 0.003906 0.003906 0.003906 0.003906 0.003906 0.003906 0.003906 0.003906 0.003906 0.003906 0.003906 0.000000 0.000000 0.000000 0.000000 0.000000 0.000000 0.000000 0.000000 0.000000 0.000000 0.000000 0.000000 0.000000 0.000000 0.000000 0.003906 0.003906 0.003906 0.003906 0.003906 0.003906 0.003906 0.003906 0.003906 0.003906 0.003906 0.003906 0.003906 0.003906 0.003906 0.003906 0.000000 0.000000 0.000000 0.000000 0.000000 0.000000 0.000000 0.000000 0.000000 0.000000 0.000000 0.000000 0.000000 0.000000 0.000000 0.003906 0.003906 0.003906 0.003906 0.003906 0.003906 0.003906 0.003906 0.003906 0.003906 0.003906 0.003906 0.003906 0.003906 0.003906 0.003906 0.000000 0.000000 0.000000 0.000000 0.000000 0.000000 0.000000 0.000000 0.000000 0.000000 0.000000 0.000000 0.000000 0.000000 0.000000 0.003906 0.003906 0.003906 0.003906 0.003906 0.003906 0.003906 0.003906 0.003906 0.003906 0.003906 0.003906 0.003906 0.003906 0.003906 0.003906 0.000000 0.000000 0.000000 0.000000 0.000000 0.000000 0.000000 0.000000 0.000000 0.000000 0.000000 0.000000 0.000000 0.000000 0.000000 0.003906 0.003906 0.003906 0.003906 0.003906 0.003906 0.003906 0.003906 0.003906 0.003906 0.003906 0.003906 0.003906 0.003906 0.003906 0.003906 0.000000 0.000000 0.000000 0.000000 0.000000 0.000000 0.000000 0.000000 0.000000 0.000000 0.000000 0.000000 0.000000 0.000000 0.000000 0.003906 0.003906 0.003906 0.003906 0.003906 0.003906 0.003906 0.003906 0.003906 0.003906 0.003906 0.003906 0.003906 0.003906 0.003906 0.003906 0.000000 0.000000 0.000000 0.000000 0.000000 0.000000 0.000000 0.000000 0.000000 0.000000 0.000000 0.000000 0.000000 0.000000 0.000000 0.003906 0.003906 0.003906 0.003906 0.003906 0.003906 0.003906 0.003906 0.003906 0.003906 0.003906 0.003906 0.003906 0.003906 0.003906 0.003906 0.000000 0.000000 0.000000 0.000000 0.000000 0.000000 0.000000 0.000000 0.000000 0.000000 0.000000 0.000000 0.000000 0.000000 0.000000 0.003906 0.003906 0.003906 0.003906 0.003906 0.003906 0.003906 0.003906 0.003906 0.003906 0.003906 0.003906 0.003906 0.003906 0.003906 0.003906 0.000000 0.000000 0.000000 0.000000 0.000000 0.000000 0.000000 0.000000 0.000000 0.000000 0.000000 0.000000 0.000000 0.000000 0.000000 0.003906 0.003906 0.003906 0.003906 0.003906 0.003906 0.003906 0.003906 0.003906 0.003906 0.003906 0.003906 0.003906 0.003906 0.003906 0.003906 0.000000 0.000000 0.000000 0.000000 0.000000 0.000000 0.000000 0.000000 0.000000 0.000000 0.000000 0.000000 0.000000 0.000000 0.000000 0.003906 0.003906 0.003906 0.003906 0.003906 0.003906 0.003906 0.003906 0.003906 0.003906 0.003906 0.003906 0.003906 0.003906 0.003906 0.003906 0.000000 0.000000 0.000000 0.000000 0.000000 0.000000 0.000000 0.000000 0.000000 0.000000 0.000000 0.000000 0.000000 0.000000 0.000000 0.003906 0.003906 0.003906 0.003906 0.003906 0.003906 0.003906 0.003906 0.003906 0.003906 0.003906 0.003906 0.003906 0.003906 0.003906 0.003906 0.000000 0.000000 0.000000 0.000000 0.000000 0.000000 0.000000 0.000000 0.000000 0.000000 0.000000 0.000000 0.000000 0.000000 0.000000 0.003906 0.003906 0.003906 0.003906 0.003906 0.003906 0.003906 0.003906 0.003906 0.003906 0.003906 0.003906 0.003906 0.003906 0.003906 0.003906 0.000000 0.000000 0.000000 0.000000 0.000000 0.000000 0.000000 0.000000 0.000000 0.000000 0.000000 0.000000 0.000000 0.000000 0.000000 0.003906 0.003906 0.003906 0.003906 0.003906 0.003906 0.003906 0.003906 0.003906 0.003906 0.003906 0.003906 0.003906 0.003906 0.003906 0.003906 0.000000 0.000000 0.000000 0.000000 0.000000 0.000000 0.000000 0.000000 0.000000 0.000000 0.000000 0.000000 0.000000 0.000000 0.000000 0.003906 0.003906 0.003906 0.003906 0.003906 0.003906 0.003906 0.003906 0.003906 0.003906 0.003906 0.003906 0.003906 0.003906 0.003906 0.003906 0.000000 0.000000 0.000000 0.000000 0.000000 0.000000 0.000000 0.000000 0.000000 0.000000 0.000000 0.000000 0.000000 0.000000 0.000000 0.003906 0.003906 0.003906 0.003906 0.003906 0.003906 0.003906 0.003906 0.003906 0.003906 0.003906 0.003906 0.003906 0.003906 0.003906 0.003906 0.000000 0.000000 0.000000 0.000000 0.000000 0.000000 0.000000 0.000000 0.000000 0.000000 0.000000 0.000000 0.000000 0.000000 0.000000 0.003906 0.003906 0.003906 0.003906 0.003906 0.003906 0.003906 0.003906 0.003906 0.003906 0.003906 0.003906 0.003906 0.003906 0.003906 0.003906 0.000000 0.000000 0.000000 0.000000 0.000000 0.000000 0.000000 0.000000 0.000000 0.000000 0.000000 0.000000 0.000000 0.000000 0.000000 0.000000 0.000000 0.000000 0.000000 0.000000 0.000000 0.000000 0.000000 0.000000 0.000000 0.000000 0.000000 0.000000 0.000000 0.000000 0.000000 0.000000 0.000000 0.000000 0.000000 0.000000 0.000000 0.000000 0.000000 0.000000 0.000000 0.000000 0.000000 0.000000 0.000000 0.000000 0.000000 0.000000 0.000000 0.000000 0.000000 0.000000 0.000000 0.000000 0.000000 0.000000 0.000000 0.000000 0.000000 0.000000 0.000000 0.000000 0.000000 0.000000 0.000000 0.000000 0.000000 0.000000 0.000000 0.000000 0.000000 0.000000 0.000000 0.000000 0.000000 0.000000 0.000000 0.000000 0.000000 0.000000 0.000000 0.000000 0.000000 0.000000 0.000000 0.000000 0.000000 0.000000 0.000000 0.000000 0.000000 0.000000 0.000000 0.000000 0.000000 0.000000 0.000000 0.000000 0.000000 0.000000 0.000000 0.000000 0.000000 0.000000 0.000000 0.000000 0.000000 0.000000 0.000000 0.000000 0.000000 0.000000 0.000000 0.000000 0.000000 0.000000 0.000000 0.000000 0.000000 0.000000 0.000000 0.000000 0.000000 0.000000 0.000000 0.000000 0.000000 0.000000 0.000000 0.000000 0.000000 0.000000 0.000000 0.000000 0.000000 0.000000 0.000000 0.000000 0.000000 0.000000 0.000000 0.000000 0.000000 0.000000 0.000000 0.000000 0.000000 0.000000 0.000000 0.000000 0.000000 0.000000 0.000000 0.000000 0.000000 0.000000 0.000000 0.000000 0.000000 0.000000 0.000000 0.000000 0.000000 0.000000 0.000000 0.000000 0.000000 0.000000 0.000000 0.000000 0.000000 0.000000 0.000000 0.000000 0.000000 0.000000 0.000000 0.000000 0.000000 0.000000 0.000000 0.000000 0.000000 0.000000 0.000000 0.000000 0.000000 0.000000 0.000000 0.000000 0.000000 0.000000 0.000000 0.000000 0.000000 0.000000 0.000000 0.000000 0.000000 0.000000 0.000000 0.000000 0.000000 0.000000 0.000000 0.000000 0.000000 0.000000 0.000000 0.000000 0.000000 0.000000 0.000000 0.000000 0.000000 0.000000 0.000000 0.000000 0.000000 0.000000 0.000000 0.000000 0.000000 0.000000 0.000000 0.000000 0.000000 0.000000 0.000000 0.000000 0.000000 0.000000 0.000000 0.000000 0.000000 0.000000 0.000000 0.000000 0.000000 0.000000 0.000000 0.000000 0.000000 0.000000 0.000000 0.000000 0.000000 0.000000 0.000000 0.000000 0.000000 0.000000 0.000000 0.000000 0.000000 0.000000 0.000000 0.000000 0.000000 0.000000 0.000000 0.000000 0.000000 0.000000 0.000000 0.000000 0.000000 0.000000 0.000000 0.000000 0.000000 0.000000 0.000000 0.000000 0.000000 0.000000 0.000000 0.000000 0.000000 0.000000 0.000000 0.000000 0.000000 0.000000 0.000000 0.000000 0.000000 0.000000 0.000000 0.000000 0.000000 0.000000 0.000000 0.000000 0.000000 0.000000 0.000000 0.000000 0.000000 0.000000 0.000000 0.000000 0.000000 0.000000 0.000000 0.000000 0.000000 0.000000 0.000000 0.000000 0.000000 0.000000 0.000000 0.000000 0.000000 0.000000 0.000000 0.000000 0.000000 0.000000 0.000000 0.000000 0.000000 0.000000 0.000000 0.000000 0.000000 0.000000 0.000000 0.000000 0.000000 0.000000 0.000000 0.000000 0.000000 0.000000 0.000000 0.000000 0.000000 0.000000 0.000000 0.000000 0.000000 0.000000 0.000000 0.000000 0.000000 0.000000 0.000000 0.000000 0.000000 0.000000 0.000000 0.000000 0.000000 0.000000 0.000000 0.000000 0.000000 0.000000 0.000000 0.000000 0.000000 0.000000 0.000000 0.000000 0.000000 0.000000 0.000000 0.000000 0.000000 0.000000 0.000000 0.000000 0.000000 0.000000 0.000000 0.000000 0.000000 0.000000 0.000000 0.000000 0.000000 0.000000 0.000000 0.000000 0.000000 0.000000 0.000000 0.000000 0.000000 0.000000 0.000000 0.000000 0.000000 0.000000 0.000000 0.000000 0.000000 0.000000 0.000000 0.000000 0.000000 0.000000 0.000000 0.000000 0.000000 0.000000 0.000000 0.000000 0.000000 0.000000 0.000000 0.000000 0.000000 0.000000 0.000000 0.000000 0.000000 0.000000 0.000000 0.000000 0.000000 0.000000 0.000000 0.000000 0.000000 0.000000 0.000000 0.000000 0.000000 0.000000 0.000000 0.000000 0.000000 0.000000 0.000000 0.000000 0.000000 0.000000 0.000000 0.000000 0.000000 0.000000 0.000000 0.000000 0.000000 0.000000 0.000000 0.000000 0.000000 0.000000 0.000000 0.000000 0.000000 0.000000 0.000000 0.000000 0.000000 0.000000 0.000000 0.000000 0.000000 0.000000 0.000000 
1 1
1.000000 
3 3
0.250000 0.250000 0.000000 0.250000 0.250000 0.000000 0.000000 0.000000 0.000000 
7 7
0.062500 0.062500 0.062500 0.062500 0.000000 0.000000 0.000000 0.062500 0.062500 0.062500 0.062500 0.000000 0.000000 0.000000 0.062500 0.062500 0.062500 0.062500 0.000000 0.000000 0.000000 0.062500 0.062500 0.062500 0.062500 0.000000 0.000000 0.000000 0.000000 0.000000 0.000000 0.000000 0.000000 0.000000 0.000000 0.000000 0.000000 0.000000 0.000000 0.000000 0.000000 0.000000 0.000000 0.000000 0.000000 0.000000 0.000000 0.000000 0.000000 
15 15
0.015625 0.015625 0.015625 0.015625 0.015625 0.015625 0.015625 0.015625 0.000000 0.000000 0.000000 0.000000 0.000000 0.000000 0.000000 0.015625 0.015625 0.015625 0.015625 0.015625 0.015625 0.015625 0.015625 0.000000 0.000000 0.000000 0.000000 0.000000 0.000000 0.000000 0.015625 0.015625 0.015625 0.015625 0.015625 0.015625 0.015625 0.015625 0.000000 0.000000 0.000000 0.000000 0.000000 0.000000 0.000000 0.015625 0.015625 0.015625 0.015625 0.015625 0.015625 0.015625 0.015625 0.000000 0.000000 0.000000 0.000000 0.000000 0.000000 0.000000 0.015625 0.015625 0.015625 0.015625 0.015625 0.015625 0.015625 0.015625 0.000000 0.000000 0.000000 0.000000 0.000000 0.000000 0.000000 0.015625 0.015625 0.015625 0.015625 0.015625 0.015625 0.015625 0.015625 0.000000 0.000000 0.000000 0.000000 0.000000 0.000000 0.000000 0.015625 0.015625 0.015625 0.015625 0.015625 0.015625 0.015625 0.015625 0.000000 0.000000 0.000000 0.000000 0.000000 0.000000 0.000000 0.015625 0.015625 0.015625 0.015625 0.015625 0.015625 0.015625 0.015625 0.000000 0.000000 0.000000 0.000000 0.000000 0.000000 0.000000 0.000000 0.000000 0.000000 0.000000 0.000000 0.000000 0.000000 0.000000 0.000000 0.000000 0.000000 0.000000 0.000000 0.000000 0.000000 0.000000 0.000000 0.000000 0.000000 0.000000 0.000000 0.000000 0.000000 0.000000 0.000000 0.000000 0.000000 0.000000 0.000000 0.000000 0.000000 0.000000 0.000000 0.000000 0.000000 0.000000 0.000000 0.000000 0.000000 0.000000 0.000000 0.000000 0.000000 0.000000 0.000000 0.000000 0.000000 0.000000 0.000000 0.000000 0.000000 0.000000 0.000000 0.000000 0.000000 0.000000 0.000000 0.000000 0.000000 0.000000 0.000000 0.000000 0.000000 0.000000 0.000000 0.000000 0.000000 0.000000 0.000000 0.000000 0.000000 0.000000 0.000000 0.000000 0.000000 0.000000 0.000000 0.000000 0.000000 0.000000 0.000000 0.000000 0.000000 0.000000 0.000000 0.000000 0.000000 0.000000 0.000000 0.000000 0.000000 0.000000 0.000000 0.000000 0.000000 0.000000 0.000000 0.000000 0.000000 0.000000 0.000000 0.000000 0.000000 0.000000 0.000000 
31 31
0.003906 0.003906 0.003906 0.003906 0.003906 0.003906 0.003906 0.003906 0.003906 0.003906 0.003906 0.003906 0.003906 0.003906 0.003906 0.003906 0.000000 0.000000 0.000000 0.000000 0.000000 0.000000 0.000000 0.000000 0.000000 0.000000 0.000000 0.000000 0.000000 0.000000 0.000000 0.003906 0.003906 0.003906 0.003906 0.003906 0.003906 0.003906 0.003906 0.003906 0.003906 0.003906 0.003906 0.003906 0.003906 0.003906 0.003906 0.000000 0.000000 0.000000 0.000000 0.000000 0.000000 0.000000 0.000000 0.000000 0.000000 0.000000 0.000000 0.000000 0.000000 0.000000 0.003906 0.003906 0.003906 0.003906 0.003906 0.003906 0.003906 0.003906 0.003906 0.003906 0.003906 0.003906 0.003906 0.003906 0.003906 0.003906 0.000000 0.000000 0.000000 0.000000 0.000000 0.000000 0.000000 0.000000 0.000000 0.000000 0.000000 0.000000 0.000000 0.000000 0.000000 0.003906 0.003906 0.003906 0.003906 0.003906 0.003906 0.003906 0.003906 0.003906 0.003906 0.003906 0.003906 0.003906 0.003906 0.003906 0.003906 0.000000 0.000000 0.000000 0.000000 0.000000 0.000000 0.000000 0.000000 0.000000 0.000000 0.000000 0.000000 0.000000 0.000000 0.000000 0.003906 0.003906 0.003906 0.003906 0.003906 0.003906 0.003906 0.003906 0.003906 0.003906 0.003906 0.003906 0.003906 0.003906 0.003906 0.003906 0.000000 0.000000 0.000000 0.000000 0.000000 0.000000 0.000000 0.000000 0.000000 0.000000 0.000000 0.000000 0.000000 0.000000 0.000000 0.003906 0.003906 0.003906 0.003906 0.003906 0.003906 0.003906 0.003906 0.003906 0.003906 0.003906 0.003906 0.003906 0.003906 0.003906 0.003906 0.000000 0.000000 0.000000 0.000000 0.000000 0.000000 0.000000 0.000000 0.000000 0.000000 0.000000 0.000000 0.000000 0.000000 0.000000 0.003906 0.003906 0.003906 0.003906 0.003906 0.003906 0.003906 0.003906 0.003906 0.003906 0.003906 0.003906 0.003906 0.003906 0.003906 0.003906 0.000000 0.000000 0.000000 0.000000 0.000000 0.000000 0.000000 0.000000 0.000000 0.000000 0.000000 0.000000 0.000000 0.000000 0.000000 0.003906 0.003906 0.003906 0.003906 0.003906 0.003906 0.003906 0.003906 0.003906 0.003906 0.003906 0.003906 0.003906 0.003906 0.003906 0.003906 0.000000 0.000000 0.000000 0.000000 0.000000 0.000000 0.000000 0.000000 0.000000 0.000000 0.000000 0.000000 0.000000 0.000000 0.000000 0.003906 0.003906 0.003906 0.003906 0.003906 0.003906 0.003906 0.003906 0.003906 0.003906 0.003906 0.003906 0.003906 0.003906 0.003906 0.003906 0.000000 0.000000 0.000000 0.000000 0.000000 0.000000 0.000000 0.000000 0.000000 0.000000 0.000000 0.000000 0.000000 0.000000 0.000000 0.003906 0.003906 0.003906 0.003906 0.003906 0.003906 0.003906 0.003906 0.003906 0.003906 0.003906 0.003906 0.003906 0.003906 0.003906 0.003906 0.000000 0.000000 0.000000 0.000000 0.000000 0.000000 0.000000 0.000000 0.000000 0.000000 0.000000 0.000000 0.000000 0.000000 0.000000 0.003906 0.003906 0.003906 0.003906 0.003906 0.003906 0.003906 0.003906 0.003906 0.003906 0.003906 0.003906 0.003906 0.003906 0.003906 0.003906 0.000000 0.000000 0.000000 0.000000 0.000000 0.000000 0.000000 0.000000 0.000000 0.000000 0.000000 0.000000 0.000000 0.000000 0.000000 0.003906 0.003906 0.003906 0.003906 0.003906 0.003906 0.003906 0.003906 0.003906 0.003906 0.003906 0.003906 0.003906 0.003906 0.003906 0.003906 0.000000 0.000000 0.000000 0.000000 0.000000 0.000000 0.000000 0.000000 0.000000 0.000000 0.000000 0.000000 0.000000 0.000000 0.000000 0.003906 0.003906 0.003906 0.003906 0.003906 0.003906 0.003906 0.003906 0.003906 0.003906 0.003906 0.003906 0.003906 0.003906 0.003906 0.003906 0.000000 0.000000 0.000000 0.000000 0.000000 0.000000 0.000000 0.000000 0.000000 0.000000 0.000000 0.000000 0.000000 0.000000 0.000000 0.003906 0.003906 0.003906 0.003906 0.003906 0.003906 0.003906 0.003906 0.003906 0.003906 0.003906 0.003906 0.003906 0.003906 0.003906 0.003906 0.000000 0.000000 0.000000 0.000000 0.000000 0.000000 0.000000 0.000000 0.000000 0.000000 0.000000 0.000000 0.000000 0.000000 0.000000 0.003906 0.003906 0.003906 0.003906 0.003906 0.003906 0.003906 0.003906 0.003906 0.003906 0.003906 0.003906 0.003906 0.003906 0.003906 0.003906 0.000000 0.000000 0.000000 0.000000 0.000000 0.000000 0.000000 0.000000 0.000000 0.000000 0.000000 0.000000 0.000000 0.000000 0.000000 0.003906 0.003906 0.003906 0.003906 0.003906 0.003906 0.003906 0.003906 0.003906 0.003906 0.003906 0.003906 0.003906 0.003906 0.003906 0.003906 0.000000 0.000000 0.000000 0.000000 0.000000 0.000000 0.000000 0.000000 0.000000 0.000000 0.000000 0.000000 0.000000 0.000000 0.000000 0.000000 0.000000 0.000000 0.000000 0.000000 0.000000 0.000000 0.000000 0.000000 0.000000 0.000000 0.000000 0.000000 0.000000 0.000000 0.000000 0.000000 0.000000 0.000000 0.000000 0.000000 0.000000 0.000000 0.000000 0.000000 0.000000 0.000000 0.000000 0.000000 0.000000 0.000000 0.000000 0.000000 0.000000 0.000000 0.000000 0.000000 0.000000 0.000000 0.000000 0.000000 0.000000 0.000000 0.000000 0.000000 0.000000 0.000000 0.000000 0.000000 0.000000 0.000000 0.000000 0.000000 0.000000 0.000000 0.000000 0.000000 0.000000 0.000000 0.000000 0.000000 0.000000 0.000000 0.000000 0.000000 0.000000 0.000000 0.000000 0.000000 0.000000 0.000000 0.000000 0.000000 0.000000 0.000000 0.000000 0.000000 0.000000 0.000000 0.000000 0.000000 0.000000 0.000000 0.000000 0.000000 0.000000 0.000000 0.000000 0.000000 0.000000 0.000000 0.000000 0.000000 0.000000 0.000000 0.000000 0.000000 0.000000 0.000000 0.000000 0.000000 0.000000 0.000000 0.000000 0.000000 0.000000 0.000000 0.000000 0.000000 0.000000 0.000000 0.000000 0.000000 0.000000 0.000000 0.000000 0.000000 0.000000 0.000000 0.000000 0.000000 0.000000 0.000000 0.000000 0.000000 0.000000 0.000000 0.000000 0.000000 0.000000 0.000000 0.000000 0.000000 0.000000 0.000000 0.000000 0.000000 0.000000 0.000000 0.000000 0.000000 0.000000 0.000000 0.000000 0.000000 0.000000 0.000000 0.000000 0.000000 0.000000 0.000000 0.000000 0.000000 0.000000 0.000000 0.000000 0.000000 0.000000 0.000000 0.000000 0.000000 0.000000 0.000000 0.000000 0.000000 0.000000 0.000000 0.000000 0.000000 0.000000 0.000000 0.000000 0.000000 0.000000 0.000000 0.000000 0.000000 0.000000 0.000000 0.000000 0.000000 0.000000 0.000000 0.000000 0.000000 0.000000 0.000000 0.000000 0.000000 0.000000 0.000000 0.000000 0.000000 0.000000 0.000000 0.000000 0.000000 0.000000 0.000000 0.000000 0.000000 0.000000 0.000000 0.000000 0.000000 0.000000 0.000000 0.000000 0.000000 0.000000 0.000000 0.000000 0.000000 0.000000 0.000000 0.000000 0.000000 0.000000 0.000000 0.000000 0.000000 0.000000 0.000000 0.000000 0.000000 0.000000 0.000000 0.000000 0.000000 0.000000 0.000000 0.000000 0.000000 0.000000 0.000000 0.000000 0.000000 0.000000 0.000000 0.000000 0.000000 0.000000 0.000000 0.000000 0.000000 0.000000 0.000000 0.000000 0.000000 0.000000 0.000000 0.000000 0.000000 0.000000 0.000000 0.000000 0.000000 0.000000 0.000000 0.000000 0.000000 0.000000 0.000000 0.000000 0.000000 0.000000 0.000000 0.000000 0.000000 0.000000 0.000000 0.000000 0.000000 0.000000 0.000000 0.000000 0.000000 0.000000 0.000000 0.000000 0.000000 0.000000 0.000000 0.000000 0.000000 0.000000 0.000000 0.000000 0.000000 0.000000 0.000000 0.000000 0.000000 0.000000 0.000000 0.000000 0.000000 0.000000 0.000000 0.000000 0.000000 0.000000 0.000000 0.000000 0.000000 0.000000 0.000000 0.000000 0.000000 0.000000 0.000000 0.000000 0.000000 0.000000 0.000000 0.000000 0.000000 0.000000 0.000000 0.000000 0.000000 0.000000 0.000000 0.000000 0.000000 0.000000 0.000000 0.000000 0.000000 0.000000 0.000000 0.000000 0.000000 0.000000 0.000000 0.000000 0.000000 0.000000 0.000000 0.000000 0.000000 0.000000 0.000000 0.000000 0.000000 0.000000 0.000000 0.000000 0.000000 0.000000 0.000000 0.000000 0.000000 0.000000 0.000000 0.000000 0.000000 0.000000 0.000000 0.000000 0.000000 0.000000 0.000000 0.000000 0.000000 0.000000 0.000000 0.000000 0.000000 0.000000 0.000000 0.000000 0.000000 0.000000 0.000000 0.000000 0.000000 0.000000 0.000000 0.000000 0.000000 0.000000 0.000000 0.000000 0.000000 0.000000 0.000000 0.000000 0.000000 0.000000 0.000000 0.000000 0.000000 0.000000 0.000000 0.000000 0.000000 0.000000 0.000000 0.000000 0.000000 0.000000 0.000000 0.000000 0.000000 0.000000 0.000000 0.000000 0.000000 0.000000 0.000000 0.000000 0.000000 0.000000 0.000000 0.000000 0.000000 0.000000 0.000000 0.000000 0.000000 0.000000 0.000000 0.000000 0.000000 0.000000 0.000000 0.000000 0.000000 0.000000 0.000000 0.000000 0.000000 0.000000 0.000000 0.000000 0.000000 0.000000 0.000000 0.000000 0.000000 0.000000 0.000000 0.000000 0.000000 0.000000 0.000000 0.000000 0.000000 0.000000 0.000000 0.000000 0.000000 0.000000 0.000000 0.000000 0.000000 0.000000 0.000000 0.000000 0.000000 0.000000 0.000000 0.000000 0.000000 
1 1
1.000000 
3 3
0.000000 0.000000 0.000000 0.250000 0.250000 0.000000 0.250000 0.250000 0.000000 
7 7
0.000000 0.000000 0.000000 0.000000 0.000000 0.000000 0.000000 0.000000 0.000000 0.000000 0.000000 0.000000 0.000000 0.000000 0.000000 0.000000 0.000000 0.000000 0.000000 0.000000 0.000000 0.062500 0.062500 0.062500 0.062500 0.000000 0.000000 0.000000 0.062500 0.062500 0.062500 0.062500 0.000000 0.000000 0.000000 0.062500 0.062500 0.062500 0.062500 0.000000 0.000000 0.000000 0.062500 0.062500 0.062500 0.062500 0.000000 0.000000 0.000000 
15 15
0.000000 0.000000 0.000000 0.000000 0.000000 0.000000 0.000000 0.000000 0.000000 0.000000 0.000000 0.000000 0.000000 0.000000 0.000000 0.000000 0.000000 0.000000 0.000000 0.000000 0.000000 0.000000 0.000000 0.000000 0.000000 0.000000 0.000000 0.000000 0.000000 0.000000 0.000000 0.000000 0.000000 0.000000 0.000000 0.000000 0.000000 0.000000 0.000000 0.000000 0.000000 0.000000 0.000000 0.000000 0.000000 0.000000 0.000000 0.000000 0.000000 0.000000 0.000000 0.000000 0.000000 0.000000 0.000000 0.000000 0.000000 0.000000 0.000000 0.000000 0.000000 0.000000 0.000000 0.000000 0.000000 0.000000 0.000000 0.000000 0.000000 0.000000 0.000000 0.000000 0.000000 0.000000 0.000000 0.000000 0.000000 0.000000 0.000000 0.000000 0.000000 0.000000 0.000000 0.000000 0.000000 0.000000 0.000000 0.000000 0.000000 0.000000 0.000000 0.000000 0.000000 0.000000 0.000000 0.000000 0.000000 0.000000 0.000000 0.000000 0.000000 0.000000 0.000000 0.000000 0.000000 0.015625 0.015625 0.015625 0.015625 0.015625 0.015625 0.015625 0.015625 0.000000 0.000000 0.000000 0.000000 0.000000 0.000000 0.000000 0.015625 0.015625 0.015625 0.015625 0.015625 0.015625 0.015625 0.015625 0.000000 0.000000 0.000000 0.000000 0.000000 0.000000 0.000000 0.015625 0.015625 0.015625 0.015625 0.015625 0.015625 0.015625 0.015625 0.000000 0.000000 0.000000 0.000000 0.000000 0.000000 0.000000 0.015625 0.015625 0.015625 0.015625 0.015625 0.015625 0.015625 0.015625 0.000000 0.000000 0.000000 0.000000 0.000000 0.000000 0.000000 0.015625 0.015625 0.015625 0.015625 0.015625 0.015625 0.015625 0.015625 0.000000 0.000000 0.000000 0.000000 0.000000 0.000000 0.000000 0.015625 0.015625 0.015625 0.015625 0.015625 0.015625 0.015625 0.015625 0.000000 0.000000 0.000000 0.000000 0.000000 0.000000 0.000000 0.015625 0.015625 0.015625 0.015625 0.015625 0.015625 0.015625 0.015625 0.000000 0.000000 0.000000 0.000000 0.000000 0.000000 0.000000 0.015625 0.015625 0.015625 0.015625 0.015625 0.015625 0.015625 0.015625 0.000000 0.000000 0.000000 0.000000 0.000000 0.000000 0.000000 
31 31
0.000000 0.000000 0.000000 0.000000 0.000000 0.000000 0.000000 0.000000 0.000000 0.000000 0.000000 0.000000 0.000000 0.000000 0.000000 0.000000 0.000000 0.000000 0.000000 0.000000 0.000000 0.000000 0.000000 0.000000 0.000000 0.000000 0.000000 0.000000 0.000000 0.000000 0.000000 0.000000 0.000000 0.000000 0.000000 0.000000 0.000000 0.000000 0.000000 0.000000 0.000000 0.000000 0.000000 0.000000 0.000000 0.000000 0.000000 0.000000 0.000000 0.000000 0.000000 0.000000 0.000000 0.000000 0.000000 0.000000 0.000000 0.000000 0.000000 0.000000 0.000000 0.000000 0.000000 0.000000 0.000000 0.000000 0.000000 0.000000 0.000000 0.000000 0.000000 0.000000 0.000000 0.000000 0.000000 0.000000 0.000000 0.000000 0.000000 0.000000 0.000000 0.000000 0.000000 0.000000 0.000000 0.000000 0.000000 0.000000 0.000000 0.000000 0.000000 0.000000 0.000000 0.000000 0.000000 0.000000 0.000000 0.000000 0.000000 0.000000 0.000000 0.000000 0.000000 0.000000 0.000000 0.000000 0.000000 0.000000 0.000000 0.000000 0.000000 0.000000 0.000000 0.000000 0.000000 0.000000 0.000000 0.000000 0.000000 0.000000 0.000000 0.000000 0.000000 0.000000 0.000000 0.000000 0.000000 0.000000 0.000000 0.000000 0.000000 0.000000 0.000000 0.000000 0.000000 0.000000 0.000000 0.000000 0.000000 0.000000 0.000000 0.000000 0.000000 0.000000 0.000000 0.000000 0.000000 0.000000 0.000000 0.000000 0.000000 0.000000 0.000000 0.000000 0.000000 0.000000 0.000000 0.000000 0.000000 0.000000 0.000000 0.000000 0.000000 0.000000 0.000000 0.000000 0.000000 0.000000 0.000000 0.000000 0.000000 0.000000 0.000000 0.000000 0.000000 0.000000 0.000000 0.000000 0.000000 0.000000 0.000000 0.000000 0.000000 0.000000 0.000000 0.000000 0.000000 0.000000 0.000000 0.000000 0.000000 0.000000 0.000000 0.000000 0.000000 0.000000 0.000000 0.000000 0.000000 0.000000 0.000000 0.000000 0.000000 0.000000 0.000000 0.000000 0.000000 0.000000 0.000000 0.000000 0.000000 0.000000 0.000000 0.000000 0.000000 0.000000 0.000000 0.000000 0.000000 0.000000 0.000000 0.000000 0.000000 0.000000 0.000000 0.000000 0.000000 0.000000 0.000000 0.000000 0.000000 0.000000 0.000000 0.000000 0.000000 0.000000 0.000000 0.000000 0.000000 0.000000 0.000000 0.000000 0.000000 0.000000 0.000000 0.000000 0.000000 0.000000 0.000000 0.000000 0.000000 0.000000 0.000000 0.000000 0.000000 0.000000 0.000000 0.000000 0.000000 0.000000 0.000000 0.000000 0.000000 0.000000 0.000000 0.000000 0.000000 0.000000 0.000000 0.000000 0.000000 0.000000 0.000000 0.000000 0.000000 0.000000 0.000000 0.000000 0.000000 0.000000 0.000000 0.000000 0.000000 0.000000 0.000000 0.000000 0.000000 0.000000 0.000000 0.000000 0.000000 0.000000 0.000000 0.000000 0.000000 0.000000 0.000000 0.000000 0.000000 0.000000 0.000000 0.000000 0.000000 0.000000 0.000000 0.000000 0.000000 0.000000 0.000000 0.000000 0.000000 0.000000 0.000000 0.000000 0.000000 0.000000 0.000000 0.000000 0.000000 0.000000 0.000000 0.000000 0.000000 0.000000 0.000000 0.000000 0.000000 0.000000 0.000000 0.000000 0.000000 0.000000 0.000000 0.000000 0.000000 0.000000 0.000000 0.000000 0.000000 0.000000 0.000000 0.000000 0.000000 0.000000 0.000000 0.000000 0.000000 0.000000 0.000000 0.000000 0.000000 0.000000 0.000000 0.000000 0.000000 0.000000 0.000000 0.000000 0.000000 0.000000 0.000000 0.000000 0.000000 0.000000 0.000000 0.000000 0.000000 0.000000 0.000000 0.000000 0.000000 0.000000 0.000000 0.000000 0.000000 0.000000 0.000000 0.000000 0.000000 0.000000 0.000000 0.000000 0.000000 0.000000 0.000000 0.000000 0.000000 0.000000 0.000000 0.000000 0.000000 0.000000 0.000000 0.000000 0.000000 0.000000 0.000000 0.000000 0.000000 0.000000 0.000000 0.000000 0.000000 0.000000 0.000000 0.000000 0.000000 0.000000 0.000000 0.000000 0.000000 0.000000 0.000000 0.000000 0.000000 0.000000 0.000000 0.000000 0.000000 0.000000 0.000000 0.000000 0.000000 0.000000 0.000000 0.000000 0.000000 0.000000 0.000000 0.000000 0.000000 0.000000 0.000000 0.000000 0.000000 0.000000 0.000000 0.000000 0.000000 0.000000 0.000000 0.000000 0.000000 0.000000 0.000000 0.000000 0.000000 0.000000 0.000000 0.000000 0.000000 0.000000 0.000000 0.000000 0.000000 0.000000 0.000000 0.000000 0.000000 0.000000 0.000000 0.000000 0.000000 0.000000 0.000000 0.003906 0.003906 0.003906 0.003906 0.003906 0.003906 0.003906 0.003906 0.003906 0.003906 0.003906 0.003906 0.003906 0.003906 0.003906 0.003906 0.000000 0.000000 0.000000 0.000000 0.000000 0.000000 0.000000 0.000000 0.000000 0.000000 0.000000 0.000000 0.000000 0.000000 0.000000 0.003906 0.003906 0.003906 0.003906 0.003906 0.003906 0.003906 0.003906 0.003906 0.003906 0.003906 0.003906 0.003906 0.003906 0.003906 0.003906 0.000000 0.000000 0.000000 0.000000 0.000000 0.000000 0.000000 0.000000 0.000000 0.000000 0.000000 0.000000 0.000000 0.000000 0.000000 0.003906 0.003906 0.003906 0.003906 0.003906 0.003906 0.003906 0.003906 0.003906 0.003906 0.003906 0.003906 0.003906 0.003906 0.003906 0.003906 0.000000 0.000000 0.000000 0.000000 0.000000 0.000000 0.000000 0.000000 0.000000 0.000000 0.000000 0.000000 0.000000 0.000000 0.000000 0.003906 0.003906 0.003906 0.003906 0.003906 0.003906 0.003906 0.003906 0.003906 0.003906 0.003906 0.003906 0.003906 0.003906 0.003906 0.003906 0.000000 0.000000 0.000000 0.000000 0.000000 0.000000 0.000000 0.000000 0.000000 0.000000 0.000000 0.000000 0.000000 0.000000 0.000000 0.003906 0.003906 0.003906 0.003906 0.003906 0.003906 0.003906 0.003906 0.003906 0.003906 0.003906 0.003906 0.003906 0.003906 0.003906 0.003906 0.000000 0.000000 0.000000 0.000000 0.000000 0.000000 0.000000 0.000000 0.000000 0.000000 0.000000 0.000000 0.000000 0.000000 0.000000 0.003906 0.003906 0.003906 0.003906 0.003906 0.003906 0.003906 0.003906 0.003906 0.003906 0.003906 0.003906 0.003906 0.003906 0.003906 0.003906 0.000000 0.000000 0.000000 0.000000 0.000000 0.000000 0.000000 0.000000 0.000000 0.000000 0.000000 0.000000 0.000000 0.000000 0.000000 0.003906 0.003906 0.003906 0.003906 0.003906 0.003906 0.003906 0.003906 0.003906 0.003906 0.003906 0.003906 0.003906 0.003906 0.003906 0.003906 0.000000 0.000000 0.000000 0.000000 0.000000 0.000000 0.000000 0.000000 0.000000 0.000000 0.000000 0.000000 0.000000 0.000000 0.000000 0.003906 0.003906 0.003906 0.003906 0.003906 0.003906 0.003906 0.003906 0.003906 0.003906 0.003906 0.003906 0.003906 0.003906 0.003906 0.003906 0.000000 0.000000 0.000000 0.000000 0.000000 0.000000 0.000000 0.000000 0.000000 0.000000 0.000000 0.000000 0.000000 0.000000 0.000000 0.003906 0.003906 0.003906 0.003906 0.003906 0.003906 0.003906 0.003906 0.003906 0.003906 0.003906 0.003906 0.003906 0.003906 0.003906 0.003906 0.000000 0.000000 0.000000 0.000000 0.000000 0.000000 0.000000 0.000000 0.000000 0.000000 0.000000 0.000000 0.000000 0.000000 0.000000 0.003906 0.003906 0.003906 0.003906 0.003906 0.003906 0.003906 0.003906 0.003906 0.003906 0.003906 0.003906 0.003906 0.003906 0.003906 0.003906 0.000000 0.000000 0.000000 0.000000 0.000000 0.000000 0.000000 0.000000 0.000000 0.000000 0.000000 0.000000 0.000000 0.000000 0.000000 0.003906 0.003906 0.003906 0.003906 0.003906 0.003906 0.003906 0.003906 0.003906 0.003906 0.003906 0.003906 0.003906 0.003906 0.003906 0.003906 0.000000 0.000000 0.000000 0.000000 0.000000 0.000000 0.000000 0.000000 0.000000 0.000000 0.000000 0.000000 0.000000 0.000000 0.000000 0.003906 0.003906 0.003906 0.003906 0.003906 0.003906 0.003906 0.003906 0.003906 0.003906 0.003906 0.003906 0.003906 0.003906 0.003906 0.003906 0.000000 0.000000 0.000000 0.000000 0.000000 0.000000 0.000000 0.000000 0.000000 0.000000 0.000000 0.000000 0.000000 0.000000 0.000000 0.003906 0.003906 0.003906 0.003906 0.003906 0.003906 0.003906 0.003906 0.003906 0.003906 0.003906 0.003906 0.003906 0.003906 0.003906 0.003906 0.000000 0.000000 0.000000 0.000000 0.000000 0.000000 0.000000 0.000000 0.000000 0.000000 0.000000 0.000000 0.000000 0.000000 0.000000 0.003906 0.003906 0.003906 0.003906 0.003906 0.003906 0.003906 0.003906 0.003906 0.003906 0.003906 0.003906 0.003906 0.003906 0.003906 0.003906 0.000000 0.000000 0.000000 0.000000 0.000000 0.000000 0.000000 0.000000 0.000000 0.000000 0.000000 0.000000 0.000000 0.000000 0.000000 0.003906 0.003906 0.003906 0.003906 0.003906 0.003906 0.003906 0.003906 0.003906 0.003906 0.003906 0.003906 0.003906 0.003906 0.003906 0.003906 0.000000 0.000000 0.000000 0.000000 0.000000 0.000000 0.000000 0.000000 0.000000 0.000000 0.000000 0.000000 0.000000 0.000000 0.000000 0.003906 0.003906 0.003906 0.003906 0.003906 0.003906 0.003906 0.003906 0.003906 0.003906 0.003906 0.003906 0.003906 0.003906 0.003906 0.003906 0.000000 0.000000 0.000000 0.000000 0.000000 0.000000 0.000000 0.000000 0.000000 0.000000 0.000000 0.000000 0.000000 0.000000 0.000000 
